1
2
3234
1 1
1 1
1 2
1 2
1.5 1
1.5 1
1 0.5
1 0.5
0.5 1
0.5 1
1 2.5
1 2.5
1.5 2
1.5 2
0.5 2
0.5 2
1 1.5
1 1.5
1.5 0.5
1.5 0.5
0.5 0.5
0.5 0.5
1.5 2.5
1.5 2.5
0.5 2.5
0.5 2.5
0.5 1.5
0.5 1.5
1.5 1.5
1.5 1.5
1.75 1
1.75 1
1.25 1
1.25 1
1 0.75
1 0.75
1 0.25
1 0.25
0.75 1
0.75 1
0.25 1
0.25 1
1 2.75
1 2.75
1 2.25
1 2.25
1.25 2
1.25 2
1.75 2
1.75 2
0.25 2
0.25 2
0.75 2
0.75 2
1 1.75
1 1.75
1 1.25
1 1.25
1.25 0.25
1.25 0.25
1.75 0.75
1.75 0.75
0.25 0.25
0.25 0.25
0.75 0.75
0.75 0.75
1.25 2.25
1.25 2.25
1.75 2.75
1.75 2.75
0.25 2.25
0.25 2.25
0.75 2.75
0.75 2.75
0.25 1.25
0.25 1.25
0.75 1.75
0.75 1.75
1.25 1.25
1.25 1.25
1.75 1.75
1.75 1.75
1.5 0.25
1.5 0.25
1.75 0.25
1.75 0.25
1.75 0.5
1.75 0.5
1.5 0.75
1.5 0.75
1.25 0.75
1.25 0.75
1.25 0.5
1.25 0.5
0.5 0.25
0.5 0.25
0.75 0.25
0.75 0.25
0.75 0.5
0.75 0.5
0.5 0.75
0.5 0.75
0.25 0.75
0.25 0.75
0.25 0.5
0.25 0.5
1.5 2.25
1.5 2.25
1.75 2.25
1.75 2.25
1.75 2.5
1.75 2.5
1.5 2.75
1.5 2.75
1.25 2.75
1.25 2.75
1.25 2.5
1.25 2.5
0.5 2.25
0.5 2.25
0.75 2.25
0.75 2.25
0.75 2.5
0.75 2.5
0.5 2.75
0.5 2.75
0.25 2.75
0.25 2.75
0.25 2.5
0.25 2.5
0.5 1.25
0.5 1.25
0.75 1.25
0.75 1.25
0.75 1.5
0.75 1.5
0.5 1.75
0.5 1.75
0.25 1.75
0.25 1.75
0.25 1.5
0.25 1.5
1.5 1.25
1.5 1.25
1.75 1.25
1.75 1.25
1.75 1.5
1.75 1.5
1.5 1.75
1.5 1.75
1.25 1.75
1.25 1.75
1.25 1.5
1.25 1.5
1.875 1
1.875 1
1.625 1
1.625 1
1.375 1
1.375 1
1.125 1
1.125 1
1 0.875
1 0.875
1 0.625
1 0.625
1 0.375
1 0.375
1 0.125
1 0.125
0.875 1
0.875 1
0.625 1
0.625 1
0.375 1
0.375 1
0.125 1
0.125 1
1 2.875
1 2.875
1 2.625
1 2.625
1 2.375
1 2.375
1 2.125
1 2.125
1.125 2
1.125 2
1.375 2
1.375 2
1.625 2
1.625 2
1.875 2
1.875 2
0.125 2
0.125 2
0.375 2
0.375 2
0.625 2
0.625 2
0.875 2
0.875 2
1 1.875
1 1.875
1 1.625
1 1.625
1 1.375
1 1.375
1 1.125
1 1.125
1.125 0.125
1.125 0.125
1.375 0.375
1.375 0.375
1.625 0.625
1.625 0.625
1.875 0.875
1.875 0.875
0.125 0.125
0.125 0.125
0.375 0.375
0.375 0.375
0.625 0.625
0.625 0.625
0.875 0.875
0.875 0.875
1.125 2.125
1.125 2.125
1.375 2.375
1.375 2.375
1.625 2.625
1.625 2.625
1.875 2.875
1.875 2.875
0.125 2.125
0.125 2.125
0.375 2.375
0.375 2.375
0.625 2.625
0.625 2.625
0.875 2.875
0.875 2.875
0.125 1.125
0.125 1.125
0.375 1.375
0.375 1.375
0.625 1.625
0.625 1.625
0.875 1.875
0.875 1.875
1.125 1.125
1.125 1.125
1.375 1.375
1.375 1.375
1.625 1.625
1.625 1.625
1.875 1.875
1.875 1.875
1.5 0.125
1.5 0.125
1.5 0.375
1.5 0.375
1.875 0.375
1.875 0.375
1.625 0.125
1.625 0.125
1.625 0.5
1.625 0.5
1.875 0.5
1.875 0.5
1.5 0.875
1.5 0.875
1.5 0.625
1.5 0.625
1.125 0.625
1.125 0.625
1.375 0.875
1.375 0.875
1.375 0.5
1.375 0.5
1.125 0.5
1.125 0.5
0.5 0.125
0.5 0.125
0.5 0.375
0.5 0.375
0.875 0.375
0.875 0.375
0.625 0.125
0.625 0.125
0.625 0.5
0.625 0.5
0.875 0.5
0.875 0.5
0.5 0.875
0.5 0.875
0.5 0.625
0.5 0.625
0.125 0.625
0.125 0.625
0.375 0.875
0.375 0.875
0.375 0.5
0.375 0.5
0.125 0.5
0.125 0.5
1.5 2.125
1.5 2.125
1.5 2.375
1.5 2.375
1.875 2.375
1.875 2.375
1.625 2.125
1.625 2.125
1.625 2.5
1.625 2.5
1.875 2.5
1.875 2.5
1.5 2.875
1.5 2.875
1.5 2.625
1.5 2.625
1.125 2.625
1.125 2.625
1.375 2.875
1.375 2.875
1.375 2.5
1.375 2.5
1.125 2.5
1.125 2.5
0.5 2.125
0.5 2.125
0.5 2.375
0.5 2.375
0.875 2.375
0.875 2.375
0.625 2.125
0.625 2.125
0.625 2.5
0.625 2.5
0.875 2.5
0.875 2.5
0.5 2.875
0.5 2.875
0.5 2.625
0.5 2.625
0.125 2.625
0.125 2.625
0.375 2.875
0.375 2.875
0.375 2.5
0.375 2.5
0.125 2.5
0.125 2.5
0.5 1.125
0.5 1.125
0.5 1.375
0.5 1.375
0.875 1.375
0.875 1.375
0.625 1.125
0.625 1.125
0.625 1.5
0.625 1.5
0.875 1.5
0.875 1.5
0.5 1.875
0.5 1.875
0.5 1.625
0.5 1.625
0.125 1.625
0.125 1.625
0.375 1.875
0.375 1.875
0.375 1.5
0.375 1.5
0.125 1.5
0.125 1.5
1.5 1.125
1.5 1.125
1.5 1.375
1.5 1.375
1.875 1.375
1.875 1.375
1.625 1.125
1.625 1.125
1.625 1.5
1.625 1.5
1.875 1.5
1.875 1.5
1.5 1.875
1.5 1.875
1.5 1.625
1.5 1.625
1.125 1.625
1.125 1.625
1.375 1.875
1.375 1.875
1.375 1.5
1.375 1.5
1.125 1.5
1.125 1.5
1.25 0.125
1.25 0.125
1.375 0.125
1.375 0.125
1.375 0.25
1.375 0.25
1.875 0.125
1.875 0.125
1.875 0.25
1.875 0.25
1.75 0.125
1.75 0.125
1.875 0.75
1.875 0.75
1.75 0.625
1.75 0.625
1.875 0.625
1.875 0.625
1.625 0.25
1.625 0.25
1.75 0.375
1.75 0.375
1.625 0.375
1.625 0.375
1.75 0.875
1.75 0.875
1.625 0.875
1.625 0.875
1.625 0.75
1.625 0.75
1.125 0.875
1.125 0.875
1.125 0.75
1.125 0.75
1.25 0.875
1.25 0.875
1.125 0.25
1.125 0.25
1.25 0.375
1.25 0.375
1.125 0.375
1.125 0.375
1.375 0.75
1.375 0.75
1.25 0.625
1.25 0.625
1.375 0.625
1.375 0.625
0.25 0.125
0.25 0.125
0.375 0.125
0.375 0.125
0.375 0.25
0.375 0.25
0.875 0.125
0.875 0.125
0.875 0.25
0.875 0.25
0.75 0.125
0.75 0.125
0.875 0.75
0.875 0.75
0.75 0.625
0.75 0.625
0.875 0.625
0.875 0.625
0.625 0.25
0.625 0.25
0.75 0.375
0.75 0.375
0.625 0.375
0.625 0.375
0.75 0.875
0.75 0.875
0.625 0.875
0.625 0.875
0.625 0.75
0.625 0.75
0.125 0.875
0.125 0.875
0.125 0.75
0.125 0.75
0.25 0.875
0.25 0.875
0.125 0.25
0.125 0.25
0.25 0.375
0.25 0.375
0.125 0.375
0.125 0.375
0.375 0.75
0.375 0.75
0.25 0.625
0.25 0.625
0.375 0.625
0.375 0.625
1.25 2.125
1.25 2.125
1.375 2.125
1.375 2.125
1.375 2.25
1.375 2.25
1.875 2.125
1.875 2.125
1.875 2.25
1.875 2.25
1.75 2.125
1.75 2.125
1.875 2.75
1.875 2.75
1.75 2.625
1.75 2.625
1.875 2.625
1.875 2.625
1.625 2.25
1.625 2.25
1.75 2.375
1.75 2.375
1.625 2.375
1.625 2.375
1.75 2.875
1.75 2.875
1.625 2.875
1.625 2.875
1.625 2.75
1.625 2.75
1.125 2.875
1.125 2.875
1.125 2.75
1.125 2.75
1.25 2.875
1.25 2.875
1.125 2.25
1.125 2.25
1.25 2.375
1.25 2.375
1.125 2.375
1.125 2.375
1.375 2.75
1.375 2.75
1.25 2.625
1.25 2.625
1.375 2.625
1.375 2.625
0.25 2.125
0.25 2.125
0.375 2.125
0.375 2.125
0.375 2.25
0.375 2.25
0.875 2.125
0.875 2.125
0.875 2.25
0.875 2.25
0.75 2.125
0.75 2.125
0.875 2.75
0.875 2.75
0.75 2.625
0.75 2.625
0.875 2.625
0.875 2.625
0.625 2.25
0.625 2.25
0.75 2.375
0.75 2.375
0.625 2.375
0.625 2.375
0.75 2.875
0.75 2.875
0.625 2.875
0.625 2.875
0.625 2.75
0.625 2.75
0.125 2.875
0.125 2.875
0.125 2.75
0.125 2.75
0.25 2.875
0.25 2.875
0.125 2.25
0.125 2.25
0.25 2.375
0.25 2.375
0.125 2.375
0.125 2.375
0.375 2.75
0.375 2.75
0.25 2.625
0.25 2.625
0.375 2.625
0.375 2.625
0.25 1.125
0.25 1.125
0.375 1.125
0.375 1.125
0.375 1.25
0.375 1.25
0.875 1.125
0.875 1.125
0.875 1.25
0.875 1.25
0.75 1.125
0.75 1.125
0.875 1.75
0.875 1.75
0.75 1.625
0.75 1.625
0.875 1.625
0.875 1.625
0.625 1.25
0.625 1.25
0.75 1.375
0.75 1.375
0.625 1.375
0.625 1.375
0.75 1.875
0.75 1.875
0.625 1.875
0.625 1.875
0.625 1.75
0.625 1.75
0.125 1.875
0.125 1.875
0.125 1.75
0.125 1.75
0.25 1.875
0.25 1.875
0.125 1.25
0.125 1.25
0.25 1.375
0.25 1.375
0.125 1.375
0.125 1.375
0.375 1.75
0.375 1.75
0.25 1.625
0.25 1.625
0.375 1.625
0.375 1.625
1.25 1.125
1.25 1.125
1.375 1.125
1.375 1.125
1.375 1.25
1.375 1.25
1.875 1.125
1.875 1.125
1.875 1.25
1.875 1.25
1.75 1.125
1.75 1.125
1.875 1.75
1.875 1.75
1.75 1.625
1.75 1.625
1.875 1.625
1.875 1.625
1.625 1.25
1.625 1.25
1.75 1.375
1.75 1.375
1.625 1.375
1.625 1.375
1.75 1.875
1.75 1.875
1.625 1.875
1.625 1.875
1.625 1.75
1.625 1.75
1.125 1.875
1.125 1.875
1.125 1.75
1.125 1.75
1.25 1.875
1.25 1.875
1.125 1.25
1.125 1.25
1.25 1.375
1.25 1.375
1.125 1.375
1.125 1.375
1.375 1.75
1.375 1.75
1.25 1.625
1.25 1.625
1.375 1.625
1.375 1.625
1.9375 1
1.9375 1
1.8125 1
1.8125 1
1.6875 1
1.6875 1
1.5625 1
1.5625 1
1.4375 1
1.4375 1
1.3125 1
1.3125 1
1.1875 1
1.1875 1
1.0625 1
1.0625 1
1 0.9375
1 0.9375
1 0.8125
1 0.8125
1 0.6875
1 0.6875
1 0.5625
1 0.5625
1 0.4375
1 0.4375
1 0.3125
1 0.3125
1 0.1875
1 0.1875
1 0.0625
1 0.0625
0.9375 1
0.9375 1
0.8125 1
0.8125 1
0.6875 1
0.6875 1
0.5625 1
0.5625 1
0.4375 1
0.4375 1
0.3125 1
0.3125 1
0.1875 1
0.1875 1
0.0625 1
0.0625 1
1 2.9375
1 2.9375
1 2.8125
1 2.8125
1 2.6875
1 2.6875
1 2.5625
1 2.5625
1 2.4375
1 2.4375
1 2.3125
1 2.3125
1 2.1875
1 2.1875
1 2.0625
1 2.0625
1.0625 2
1.0625 2
1.1875 2
1.1875 2
1.3125 2
1.3125 2
1.4375 2
1.4375 2
1.5625 2
1.5625 2
1.6875 2
1.6875 2
1.8125 2
1.8125 2
1.9375 2
1.9375 2
0.0625 2
0.0625 2
0.1875 2
0.1875 2
0.3125 2
0.3125 2
0.4375 2
0.4375 2
0.5625 2
0.5625 2
0.6875 2
0.6875 2
0.8125 2
0.8125 2
0.9375 2
0.9375 2
1 1.9375
1 1.9375
1 1.8125
1 1.8125
1 1.6875
1 1.6875
1 1.5625
1 1.5625
1 1.4375
1 1.4375
1 1.3125
1 1.3125
1 1.1875
1 1.1875
1 1.0625
1 1.0625
1.0625 0.0625
1.0625 0.0625
1.1875 0.1875
1.1875 0.1875
1.3125 0.3125
1.3125 0.3125
1.4375 0.4375
1.4375 0.4375
1.5625 0.5625
1.5625 0.5625
1.6875 0.6875
1.6875 0.6875
1.8125 0.8125
1.8125 0.8125
1.9375 0.9375
1.9375 0.9375
0.0625 0.0625
0.0625 0.0625
0.1875 0.1875
0.1875 0.1875
0.3125 0.3125
0.3125 0.3125
0.4375 0.4375
0.4375 0.4375
0.5625 0.5625
0.5625 0.5625
0.6875 0.6875
0.6875 0.6875
0.8125 0.8125
0.8125 0.8125
0.9375 0.9375
0.9375 0.9375
1.0625 2.0625
1.0625 2.0625
1.1875 2.1875
1.1875 2.1875
1.3125 2.3125
1.3125 2.3125
1.4375 2.4375
1.4375 2.4375
1.5625 2.5625
1.5625 2.5625
1.6875 2.6875
1.6875 2.6875
1.8125 2.8125
1.8125 2.8125
1.9375 2.9375
1.9375 2.9375
0.0625 2.0625
0.0625 2.0625
0.1875 2.1875
0.1875 2.1875
0.3125 2.3125
0.3125 2.3125
0.4375 2.4375
0.4375 2.4375
0.5625 2.5625
0.5625 2.5625
0.6875 2.6875
0.6875 2.6875
0.8125 2.8125
0.8125 2.8125
0.9375 2.9375
0.9375 2.9375
0.0625 1.0625
0.0625 1.0625
0.1875 1.1875
0.1875 1.1875
0.3125 1.3125
0.3125 1.3125
0.4375 1.4375
0.4375 1.4375
0.5625 1.5625
0.5625 1.5625
0.6875 1.6875
0.6875 1.6875
0.8125 1.8125
0.8125 1.8125
0.9375 1.9375
0.9375 1.9375
1.0625 1.0625
1.0625 1.0625
1.1875 1.1875
1.1875 1.1875
1.3125 1.3125
1.3125 1.3125
1.4375 1.4375
1.4375 1.4375
1.5625 1.5625
1.5625 1.5625
1.6875 1.6875
1.6875 1.6875
1.8125 1.8125
1.8125 1.8125
1.9375 1.9375
1.9375 1.9375
1.5 0.0625
1.5 0.0625
1.5 0.1875
1.5 0.1875
1.5 0.3125
1.5 0.3125
1.5 0.4375
1.5 0.4375
1.9375 0.4375
1.9375 0.4375
1.8125 0.3125
1.8125 0.3125
1.6875 0.1875
1.6875 0.1875
1.5625 0.0625
1.5625 0.0625
1.5625 0.5
1.5625 0.5
1.6875 0.5
1.6875 0.5
1.8125 0.5
1.8125 0.5
1.9375 0.5
1.9375 0.5
1.5 0.9375
1.5 0.9375
1.5 0.8125
1.5 0.8125
1.5 0.6875
1.5 0.6875
1.5 0.5625
1.5 0.5625
1.0625 0.5625
1.0625 0.5625
1.1875 0.6875
1.1875 0.6875
1.3125 0.8125
1.3125 0.8125
1.4375 0.9375
1.4375 0.9375
1.4375 0.5
1.4375 0.5
1.3125 0.5
1.3125 0.5
1.1875 0.5
1.1875 0.5
1.0625 0.5
1.0625 0.5
0.5 0.0625
0.5 0.0625
0.5 0.1875
0.5 0.1875
0.5 0.3125
0.5 0.3125
0.5 0.4375
0.5 0.4375
0.9375 0.4375
0.9375 0.4375
0.8125 0.3125
0.8125 0.3125
0.6875 0.1875
0.6875 0.1875
0.5625 0.0625
0.5625 0.0625
0.5625 0.5
0.5625 0.5
0.6875 0.5
0.6875 0.5
0.8125 0.5
0.8125 0.5
0.9375 0.5
0.9375 0.5
0.5 0.9375
0.5 0.9375
0.5 0.8125
0.5 0.8125
0.5 0.6875
0.5 0.6875
0.5 0.5625
0.5 0.5625
0.0625 0.5625
0.0625 0.5625
0.1875 0.6875
0.1875 0.6875
0.3125 0.8125
0.3125 0.8125
0.4375 0.9375
0.4375 0.9375
0.4375 0.5
0.4375 0.5
0.3125 0.5
0.3125 0.5
0.1875 0.5
0.1875 0.5
0.0625 0.5
0.0625 0.5
1.5 2.0625
1.5 2.0625
1.5 2.1875
1.5 2.1875
1.5 2.3125
1.5 2.3125
1.5 2.4375
1.5 2.4375
1.9375 2.4375
1.9375 2.4375
1.8125 2.3125
1.8125 2.3125
1.6875 2.1875
1.6875 2.1875
1.5625 2.0625
1.5625 2.0625
1.5625 2.5
1.5625 2.5
1.6875 2.5
1.6875 2.5
1.8125 2.5
1.8125 2.5
1.9375 2.5
1.9375 2.5
1.5 2.9375
1.5 2.9375
1.5 2.8125
1.5 2.8125
1.5 2.6875
1.5 2.6875
1.5 2.5625
1.5 2.5625
1.0625 2.5625
1.0625 2.5625
1.1875 2.6875
1.1875 2.6875
1.3125 2.8125
1.3125 2.8125
1.4375 2.9375
1.4375 2.9375
1.4375 2.5
1.4375 2.5
1.3125 2.5
1.3125 2.5
1.1875 2.5
1.1875 2.5
1.0625 2.5
1.0625 2.5
0.5 2.0625
0.5 2.0625
0.5 2.1875
0.5 2.1875
0.5 2.3125
0.5 2.3125
0.5 2.4375
0.5 2.4375
0.9375 2.4375
0.9375 2.4375
0.8125 2.3125
0.8125 2.3125
0.6875 2.1875
0.6875 2.1875
0.5625 2.0625
0.5625 2.0625
0.5625 2.5
0.5625 2.5
0.6875 2.5
0.6875 2.5
0.8125 2.5
0.8125 2.5
0.9375 2.5
0.9375 2.5
0.5 2.9375
0.5 2.9375
0.5 2.8125
0.5 2.8125
0.5 2.6875
0.5 2.6875
0.5 2.5625
0.5 2.5625
0.0625 2.5625
0.0625 2.5625
0.1875 2.6875
0.1875 2.6875
0.3125 2.8125
0.3125 2.8125
0.4375 2.9375
0.4375 2.9375
0.4375 2.5
0.4375 2.5
0.3125 2.5
0.3125 2.5
0.1875 2.5
0.1875 2.5
0.0625 2.5
0.0625 2.5
0.5 1.0625
0.5 1.0625
0.5 1.1875
0.5 1.1875
0.5 1.3125
0.5 1.3125
0.5 1.4375
0.5 1.4375
0.9375 1.4375
0.9375 1.4375
0.8125 1.3125
0.8125 1.3125
0.6875 1.1875
0.6875 1.1875
0.5625 1.0625
0.5625 1.0625
0.5625 1.5
0.5625 1.5
0.6875 1.5
0.6875 1.5
0.8125 1.5
0.8125 1.5
0.9375 1.5
0.9375 1.5
0.5 1.9375
0.5 1.9375
0.5 1.8125
0.5 1.8125
0.5 1.6875
0.5 1.6875
0.5 1.5625
0.5 1.5625
0.0625 1.5625
0.0625 1.5625
0.1875 1.6875
0.1875 1.6875
0.3125 1.8125
0.3125 1.8125
0.4375 1.9375
0.4375 1.9375
0.4375 1.5
0.4375 1.5
0.3125 1.5
0.3125 1.5
0.1875 1.5
0.1875 1.5
0.0625 1.5
0.0625 1.5
1.5 1.0625
1.5 1.0625
1.5 1.1875
1.5 1.1875
1.5 1.3125
1.5 1.3125
1.5 1.4375
1.5 1.4375
1.9375 1.4375
1.9375 1.4375
1.8125 1.3125
1.8125 1.3125
1.6875 1.1875
1.6875 1.1875
1.5625 1.0625
1.5625 1.0625
1.5625 1.5
1.5625 1.5
1.6875 1.5
1.6875 1.5
1.8125 1.5
1.8125 1.5
1.9375 1.5
1.9375 1.5
1.5 1.9375
1.5 1.9375
1.5 1.8125
1.5 1.8125
1.5 1.6875
1.5 1.6875
1.5 1.5625
1.5 1.5625
1.0625 1.5625
1.0625 1.5625
1.1875 1.6875
1.1875 1.6875
1.3125 1.8125
1.3125 1.8125
1.4375 1.9375
1.4375 1.9375
1.4375 1.5
1.4375 1.5
1.3125 1.5
1.3125 1.5
1.1875 1.5
1.1875 1.5
1.0625 1.5
1.0625 1.5
1.25 0.0625
1.25 0.0625
1.25 0.1875
1.25 0.1875
1.4375 0.1875
1.4375 0.1875
1.3125 0.0625
1.3125 0.0625
1.3125 0.25
1.3125 0.25
1.4375 0.25
1.4375 0.25
1.9375 0.1875
1.9375 0.1875
1.8125 0.0625
1.8125 0.0625
1.8125 0.25
1.8125 0.25
1.9375 0.25
1.9375 0.25
1.75 0.0625
1.75 0.0625
1.75 0.1875
1.75 0.1875
1.8125 0.75
1.8125 0.75
1.9375 0.75
1.9375 0.75
1.75 0.5625
1.75 0.5625
1.75 0.6875
1.75 0.6875
1.9375 0.6875
1.9375 0.6875
1.8125 0.5625
1.8125 0.5625
1.6875 0.25
1.6875 0.25
1.5625 0.25
1.5625 0.25
1.75 0.4375
1.75 0.4375
1.75 0.3125
1.75 0.3125
1.5625 0.3125
1.5625 0.3125
1.6875 0.4375
1.6875 0.4375
1.75 0.9375
1.75 0.9375
1.75 0.8125
1.75 0.8125
1.5625 0.8125
1.5625 0.8125
1.6875 0.9375
1.6875 0.9375
1.6875 0.75
1.6875 0.75
1.5625 0.75
1.5625 0.75
1.0625 0.8125
1.0625 0.8125
1.1875 0.9375
1.1875 0.9375
1.1875 0.75
1.1875 0.75
1.0625 0.75
1.0625 0.75
1.25 0.9375
1.25 0.9375
1.25 0.8125
1.25 0.8125
1.1875 0.25
1.1875 0.25
1.0625 0.25
1.0625 0.25
1.25 0.4375
1.25 0.4375
1.25 0.3125
1.25 0.3125
1.0625 0.3125
1.0625 0.3125
1.1875 0.4375
1.1875 0.4375
1.3125 0.75
1.3125 0.75
1.4375 0.75
1.4375 0.75
1.25 0.5625
1.25 0.5625
1.25 0.6875
1.25 0.6875
1.4375 0.6875
1.4375 0.6875
1.3125 0.5625
1.3125 0.5625
0.25 0.0625
0.25 0.0625
0.25 0.1875
0.25 0.1875
0.4375 0.1875
0.4375 0.1875
0.3125 0.0625
0.3125 0.0625
0.3125 0.25
0.3125 0.25
0.4375 0.25
0.4375 0.25
0.9375 0.1875
0.9375 0.1875
0.8125 0.0625
0.8125 0.0625
0.8125 0.25
0.8125 0.25
0.9375 0.25
0.9375 0.25
0.75 0.0625
0.75 0.0625
0.75 0.1875
0.75 0.1875
0.8125 0.75
0.8125 0.75
0.9375 0.75
0.9375 0.75
0.75 0.5625
0.75 0.5625
0.75 0.6875
0.75 0.6875
0.9375 0.6875
0.9375 0.6875
0.8125 0.5625
0.8125 0.5625
0.6875 0.25
0.6875 0.25
0.5625 0.25
0.5625 0.25
0.75 0.4375
0.75 0.4375
0.75 0.3125
0.75 0.3125
0.5625 0.3125
0.5625 0.3125
0.6875 0.4375
0.6875 0.4375
0.75 0.9375
0.75 0.9375
0.75 0.8125
0.75 0.8125
0.5625 0.8125
0.5625 0.8125
0.6875 0.9375
0.6875 0.9375
0.6875 0.75
0.6875 0.75
0.5625 0.75
0.5625 0.75
0.0625 0.8125
0.0625 0.8125
0.1875 0.9375
0.1875 0.9375
0.1875 0.75
0.1875 0.75
0.0625 0.75
0.0625 0.75
0.25 0.9375
0.25 0.9375
0.25 0.8125
0.25 0.8125
0.1875 0.25
0.1875 0.25
0.0625 0.25
0.0625 0.25
0.25 0.4375
0.25 0.4375
0.25 0.3125
0.25 0.3125
0.0625 0.3125
0.0625 0.3125
0.1875 0.4375
0.1875 0.4375
0.3125 0.75
0.3125 0.75
0.4375 0.75
0.4375 0.75
0.25 0.5625
0.25 0.5625
0.25 0.6875
0.25 0.6875
0.4375 0.6875
0.4375 0.6875
0.3125 0.5625
0.3125 0.5625
1.25 2.0625
1.25 2.0625
1.25 2.1875
1.25 2.1875
1.4375 2.1875
1.4375 2.1875
1.3125 2.0625
1.3125 2.0625
1.3125 2.25
1.3125 2.25
1.4375 2.25
1.4375 2.25
1.9375 2.1875
1.9375 2.1875
1.8125 2.0625
1.8125 2.0625
1.8125 2.25
1.8125 2.25
1.9375 2.25
1.9375 2.25
1.75 2.0625
1.75 2.0625
1.75 2.1875
1.75 2.1875
1.8125 2.75
1.8125 2.75
1.9375 2.75
1.9375 2.75
1.75 2.5625
1.75 2.5625
1.75 2.6875
1.75 2.6875
1.9375 2.6875
1.9375 2.6875
1.8125 2.5625
1.8125 2.5625
1.6875 2.25
1.6875 2.25
1.5625 2.25
1.5625 2.25
1.75 2.4375
1.75 2.4375
1.75 2.3125
1.75 2.3125
1.5625 2.3125
1.5625 2.3125
1.6875 2.4375
1.6875 2.4375
1.75 2.9375
1.75 2.9375
1.75 2.8125
1.75 2.8125
1.5625 2.8125
1.5625 2.8125
1.6875 2.9375
1.6875 2.9375
1.6875 2.75
1.6875 2.75
1.5625 2.75
1.5625 2.75
1.0625 2.8125
1.0625 2.8125
1.1875 2.9375
1.1875 2.9375
1.1875 2.75
1.1875 2.75
1.0625 2.75
1.0625 2.75
1.25 2.9375
1.25 2.9375
1.25 2.8125
1.25 2.8125
1.1875 2.25
1.1875 2.25
1.0625 2.25
1.0625 2.25
1.25 2.4375
1.25 2.4375
1.25 2.3125
1.25 2.3125
1.0625 2.3125
1.0625 2.3125
1.1875 2.4375
1.1875 2.4375
1.3125 2.75
1.3125 2.75
1.4375 2.75
1.4375 2.75
1.25 2.5625
1.25 2.5625
1.25 2.6875
1.25 2.6875
1.4375 2.6875
1.4375 2.6875
1.3125 2.5625
1.3125 2.5625
0.25 2.0625
0.25 2.0625
0.25 2.1875
0.25 2.1875
0.4375 2.1875
0.4375 2.1875
0.3125 2.0625
0.3125 2.0625
0.3125 2.25
0.3125 2.25
0.4375 2.25
0.4375 2.25
0.9375 2.1875
0.9375 2.1875
0.8125 2.0625
0.8125 2.0625
0.8125 2.25
0.8125 2.25
0.9375 2.25
0.9375 2.25
0.75 2.0625
0.75 2.0625
0.75 2.1875
0.75 2.1875
0.8125 2.75
0.8125 2.75
0.9375 2.75
0.9375 2.75
0.75 2.5625
0.75 2.5625
0.75 2.6875
0.75 2.6875
0.9375 2.6875
0.9375 2.6875
0.8125 2.5625
0.8125 2.5625
0.6875 2.25
0.6875 2.25
0.5625 2.25
0.5625 2.25
0.75 2.4375
0.75 2.4375
0.75 2.3125
0.75 2.3125
0.5625 2.3125
0.5625 2.3125
0.6875 2.4375
0.6875 2.4375
0.75 2.9375
0.75 2.9375
0.75 2.8125
0.75 2.8125
0.5625 2.8125
0.5625 2.8125
0.6875 2.9375
0.6875 2.9375
0.6875 2.75
0.6875 2.75
0.5625 2.75
0.5625 2.75
0.0625 2.8125
0.0625 2.8125
0.1875 2.9375
0.1875 2.9375
0.1875 2.75
0.1875 2.75
0.0625 2.75
0.0625 2.75
0.25 2.9375
0.25 2.9375
0.25 2.8125
0.25 2.8125
0.1875 2.25
0.1875 2.25
0.0625 2.25
0.0625 2.25
0.25 2.4375
0.25 2.4375
0.25 2.3125
0.25 2.3125
0.0625 2.3125
0.0625 2.3125
0.1875 2.4375
0.1875 2.4375
0.3125 2.75
0.3125 2.75
0.4375 2.75
0.4375 2.75
0.25 2.5625
0.25 2.5625
0.25 2.6875
0.25 2.6875
0.4375 2.6875
0.4375 2.6875
0.3125 2.5625
0.3125 2.5625
0.25 1.0625
0.25 1.0625
0.25 1.1875
0.25 1.1875
0.4375 1.1875
0.4375 1.1875
0.3125 1.0625
0.3125 1.0625
0.3125 1.25
0.3125 1.25
0.4375 1.25
0.4375 1.25
0.9375 1.1875
0.9375 1.1875
0.8125 1.0625
0.8125 1.0625
0.8125 1.25
0.8125 1.25
0.9375 1.25
0.9375 1.25
0.75 1.0625
0.75 1.0625
0.75 1.1875
0.75 1.1875
0.8125 1.75
0.8125 1.75
0.9375 1.75
0.9375 1.75
0.75 1.5625
0.75 1.5625
0.75 1.6875
0.75 1.6875
0.9375 1.6875
0.9375 1.6875
0.8125 1.5625
0.8125 1.5625
0.6875 1.25
0.6875 1.25
0.5625 1.25
0.5625 1.25
0.75 1.4375
0.75 1.4375
0.75 1.3125
0.75 1.3125
0.5625 1.3125
0.5625 1.3125
0.6875 1.4375
0.6875 1.4375
0.75 1.9375
0.75 1.9375
0.75 1.8125
0.75 1.8125
0.5625 1.8125
0.5625 1.8125
0.6875 1.9375
0.6875 1.9375
0.6875 1.75
0.6875 1.75
0.5625 1.75
0.5625 1.75
0.0625 1.8125
0.0625 1.8125
0.1875 1.9375
0.1875 1.9375
0.1875 1.75
0.1875 1.75
0.0625 1.75
0.0625 1.75
0.25 1.9375
0.25 1.9375
0.25 1.8125
0.25 1.8125
0.1875 1.25
0.1875 1.25
0.0625 1.25
0.0625 1.25
0.25 1.4375
0.25 1.4375
0.25 1.3125
0.25 1.3125
0.0625 1.3125
0.0625 1.3125
0.1875 1.4375
0.1875 1.4375
0.3125 1.75
0.3125 1.75
0.4375 1.75
0.4375 1.75
0.25 1.5625
0.25 1.5625
0.25 1.6875
0.25 1.6875
0.4375 1.6875
0.4375 1.6875
0.3125 1.5625
0.3125 1.5625
1.25 1.0625
1.25 1.0625
1.25 1.1875
1.25 1.1875
1.4375 1.1875
1.4375 1.1875
1.3125 1.0625
1.3125 1.0625
1.3125 1.25
1.3125 1.25
1.4375 1.25
1.4375 1.25
1.9375 1.1875
1.9375 1.1875
1.8125 1.0625
1.8125 1.0625
1.8125 1.25
1.8125 1.25
1.9375 1.25
1.9375 1.25
1.75 1.0625
1.75 1.0625
1.75 1.1875
1.75 1.1875
1.8125 1.75
1.8125 1.75
1.9375 1.75
1.9375 1.75
1.75 1.5625
1.75 1.5625
1.75 1.6875
1.75 1.6875
1.9375 1.6875
1.9375 1.6875
1.8125 1.5625
1.8125 1.5625
1.6875 1.25
1.6875 1.25
1.5625 1.25
1.5625 1.25
1.75 1.4375
1.75 1.4375
1.75 1.3125
1.75 1.3125
1.5625 1.3125
1.5625 1.3125
1.6875 1.4375
1.6875 1.4375
1.75 1.9375
1.75 1.9375
1.75 1.8125
1.75 1.8125
1.5625 1.8125
1.5625 1.8125
1.6875 1.9375
1.6875 1.9375
1.6875 1.75
1.6875 1.75
1.5625 1.75
1.5625 1.75
1.0625 1.8125
1.0625 1.8125
1.1875 1.9375
1.1875 1.9375
1.1875 1.75
1.1875 1.75
1.0625 1.75
1.0625 1.75
1.25 1.9375
1.25 1.9375
1.25 1.8125
1.25 1.8125
1.1875 1.25
1.1875 1.25
1.0625 1.25
1.0625 1.25
1.25 1.4375
1.25 1.4375
1.25 1.3125
1.25 1.3125
1.0625 1.3125
1.0625 1.3125
1.1875 1.4375
1.1875 1.4375
1.3125 1.75
1.3125 1.75
1.4375 1.75
1.4375 1.75
1.25 1.5625
1.25 1.5625
1.25 1.6875
1.25 1.6875
1.4375 1.6875
1.4375 1.6875
1.3125 1.5625
1.3125 1.5625
1.125 0.0625
1.125 0.0625
1.1875 0.0625
1.1875 0.0625
1.1875 0.125
1.1875 0.125
1.4375 0.0625
1.4375 0.0625
1.4375 0.125
1.4375 0.125
1.375 0.0625
1.375 0.0625
1.4375 0.375
1.4375 0.375
1.375 0.3125
1.375 0.3125
1.4375 0.3125
1.4375 0.3125
1.3125 0.125
1.3125 0.125
1.375 0.1875
1.375 0.1875
1.3125 0.1875
1.3125 0.1875
1.9375 0.0625
1.9375 0.0625
1.9375 0.125
1.9375 0.125
1.875 0.0625
1.875 0.0625
1.9375 0.375
1.9375 0.375
1.875 0.3125
1.875 0.3125
1.9375 0.3125
1.9375 0.3125
1.625 0.0625
1.625 0.0625
1.6875 0.0625
1.6875 0.0625
1.6875 0.125
1.6875 0.125
1.875 0.1875
1.875 0.1875
1.8125 0.1875
1.8125 0.1875
1.8125 0.125
1.8125 0.125
1.9375 0.875
1.9375 0.875
1.875 0.8125
1.875 0.8125
1.9375 0.8125
1.9375 0.8125
1.625 0.5625
1.625 0.5625
1.6875 0.5625
1.6875 0.5625
1.6875 0.625
1.6875 0.625
1.9375 0.5625
1.9375 0.5625
1.9375 0.625
1.9375 0.625
1.875 0.5625
1.875 0.5625
1.8125 0.6875
1.8125 0.6875
1.8125 0.625
1.8125 0.625
1.875 0.6875
1.875 0.6875
1.5625 0.125
1.5625 0.125
1.625 0.1875
1.625 0.1875
1.5625 0.1875
1.5625 0.1875
1.875 0.4375
1.875 0.4375
1.8125 0.4375
1.8125 0.4375
1.8125 0.375
1.8125 0.375
1.5625 0.4375
1.5625 0.4375
1.5625 0.375
1.5625 0.375
1.625 0.4375
1.625 0.4375
1.6875 0.3125
1.6875 0.3125
1.6875 0.375
1.6875 0.375
1.625 0.3125
1.625 0.3125
1.875 0.9375
1.875 0.9375
1.8125 0.9375
1.8125 0.9375
1.8125 0.875
1.8125 0.875
1.5625 0.9375
1.5625 0.9375
1.5625 0.875
1.5625 0.875
1.625 0.9375
1.625 0.9375
1.5625 0.625
1.5625 0.625
1.625 0.6875
1.625 0.6875
1.5625 0.6875
1.5625 0.6875
1.6875 0.875
1.6875 0.875
1.625 0.8125
1.625 0.8125
1.6875 0.8125
1.6875 0.8125
1.0625 0.9375
1.0625 0.9375
1.0625 0.875
1.0625 0.875
1.125 0.9375
1.125 0.9375
1.0625 0.625
1.0625 0.625
1.125 0.6875
1.125 0.6875
1.0625 0.6875
1.0625 0.6875
1.375 0.9375
1.375 0.9375
1.3125 0.9375
1.3125 0.9375
1.3125 0.875
1.3125 0.875
1.125 0.8125
1.125 0.8125
1.1875 0.8125
1.1875 0.8125
1.1875 0.875
1.1875 0.875
1.0625 0.125
1.0625 0.125
1.125 0.1875
1.125 0.1875
1.0625 0.1875
1.0625 0.1875
1.375 0.4375
1.375 0.4375
1.3125 0.4375
1.3125 0.4375
1.3125 0.375
1.3125 0.375
1.0625 0.4375
1.0625 0.4375
1.0625 0.375
1.0625 0.375
1.125 0.4375
1.125 0.4375
1.1875 0.3125
1.1875 0.3125
1.1875 0.375
1.1875 0.375
1.125 0.3125
1.125 0.3125
1.4375 0.875
1.4375 0.875
1.375 0.8125
1.375 0.8125
1.4375 0.8125
1.4375 0.8125
1.125 0.5625
1.125 0.5625
1.1875 0.5625
1.1875 0.5625
1.1875 0.625
1.1875 0.625
1.4375 0.5625
1.4375 0.5625
1.4375 0.625
1.4375 0.625
1.375 0.5625
1.375 0.5625
1.3125 0.6875
1.3125 0.6875
1.3125 0.625
1.3125 0.625
1.375 0.6875
1.375 0.6875
0.125 0.0625
0.125 0.0625
0.1875 0.0625
0.1875 0.0625
0.1875 0.125
0.1875 0.125
0.4375 0.0625
0.4375 0.0625
0.4375 0.125
0.4375 0.125
0.375 0.0625
0.375 0.0625
0.4375 0.375
0.4375 0.375
0.375 0.3125
0.375 0.3125
0.4375 0.3125
0.4375 0.3125
0.3125 0.125
0.3125 0.125
0.375 0.1875
0.375 0.1875
0.3125 0.1875
0.3125 0.1875
0.9375 0.0625
0.9375 0.0625
0.9375 0.125
0.9375 0.125
0.875 0.0625
0.875 0.0625
0.9375 0.375
0.9375 0.375
0.875 0.3125
0.875 0.3125
0.9375 0.3125
0.9375 0.3125
0.625 0.0625
0.625 0.0625
0.6875 0.0625
0.6875 0.0625
0.6875 0.125
0.6875 0.125
0.875 0.1875
0.875 0.1875
0.8125 0.1875
0.8125 0.1875
0.8125 0.125
0.8125 0.125
0.9375 0.875
0.9375 0.875
0.875 0.8125
0.875 0.8125
0.9375 0.8125
0.9375 0.8125
0.625 0.5625
0.625 0.5625
0.6875 0.5625
0.6875 0.5625
0.6875 0.625
0.6875 0.625
0.9375 0.5625
0.9375 0.5625
0.9375 0.625
0.9375 0.625
0.875 0.5625
0.875 0.5625
0.8125 0.6875
0.8125 0.6875
0.8125 0.625
0.8125 0.625
0.875 0.6875
0.875 0.6875
0.5625 0.125
0.5625 0.125
0.625 0.1875
0.625 0.1875
0.5625 0.1875
0.5625 0.1875
0.875 0.4375
0.875 0.4375
0.8125 0.4375
0.8125 0.4375
0.8125 0.375
0.8125 0.375
0.5625 0.4375
0.5625 0.4375
0.5625 0.375
0.5625 0.375
0.625 0.4375
0.625 0.4375
0.6875 0.3125
0.6875 0.3125
0.6875 0.375
0.6875 0.375
0.625 0.3125
0.625 0.3125
0.875 0.9375
0.875 0.9375
0.8125 0.9375
0.8125 0.9375
0.8125 0.875
0.8125 0.875
0.5625 0.9375
0.5625 0.9375
0.5625 0.875
0.5625 0.875
0.625 0.9375
0.625 0.9375
0.5625 0.625
0.5625 0.625
0.625 0.6875
0.625 0.6875
0.5625 0.6875
0.5625 0.6875
0.6875 0.875
0.6875 0.875
0.625 0.8125
0.625 0.8125
0.6875 0.8125
0.6875 0.8125
0.0625 0.9375
0.0625 0.9375
0.0625 0.875
0.0625 0.875
0.125 0.9375
0.125 0.9375
0.0625 0.625
0.0625 0.625
0.125 0.6875
0.125 0.6875
0.0625 0.6875
0.0625 0.6875
0.375 0.9375
0.375 0.9375
0.3125 0.9375
0.3125 0.9375
0.3125 0.875
0.3125 0.875
0.125 0.8125
0.125 0.8125
0.1875 0.8125
0.1875 0.8125
0.1875 0.875
0.1875 0.875
0.0625 0.125
0.0625 0.125
0.125 0.1875
0.125 0.1875
0.0625 0.1875
0.0625 0.1875
0.375 0.4375
0.375 0.4375
0.3125 0.4375
0.3125 0.4375
0.3125 0.375
0.3125 0.375
0.0625 0.4375
0.0625 0.4375
0.0625 0.375
0.0625 0.375
0.125 0.4375
0.125 0.4375
0.1875 0.3125
0.1875 0.3125
0.1875 0.375
0.1875 0.375
0.125 0.3125
0.125 0.3125
0.4375 0.875
0.4375 0.875
0.375 0.8125
0.375 0.8125
0.4375 0.8125
0.4375 0.8125
0.125 0.5625
0.125 0.5625
0.1875 0.5625
0.1875 0.5625
0.1875 0.625
0.1875 0.625
0.4375 0.5625
0.4375 0.5625
0.4375 0.625
0.4375 0.625
0.375 0.5625
0.375 0.5625
0.3125 0.6875
0.3125 0.6875
0.3125 0.625
0.3125 0.625
0.375 0.6875
0.375 0.6875
1.125 2.0625
1.125 2.0625
1.1875 2.0625
1.1875 2.0625
1.1875 2.125
1.1875 2.125
1.4375 2.0625
1.4375 2.0625
1.4375 2.125
1.4375 2.125
1.375 2.0625
1.375 2.0625
1.4375 2.375
1.4375 2.375
1.375 2.3125
1.375 2.3125
1.4375 2.3125
1.4375 2.3125
1.3125 2.125
1.3125 2.125
1.375 2.1875
1.375 2.1875
1.3125 2.1875
1.3125 2.1875
1.9375 2.0625
1.9375 2.0625
1.9375 2.125
1.9375 2.125
1.875 2.0625
1.875 2.0625
1.9375 2.375
1.9375 2.375
1.875 2.3125
1.875 2.3125
1.9375 2.3125
1.9375 2.3125
1.625 2.0625
1.625 2.0625
1.6875 2.0625
1.6875 2.0625
1.6875 2.125
1.6875 2.125
1.875 2.1875
1.875 2.1875
1.8125 2.1875
1.8125 2.1875
1.8125 2.125
1.8125 2.125
1.9375 2.875
1.9375 2.875
1.875 2.8125
1.875 2.8125
1.9375 2.8125
1.9375 2.8125
1.625 2.5625
1.625 2.5625
1.6875 2.5625
1.6875 2.5625
1.6875 2.625
1.6875 2.625
1.9375 2.5625
1.9375 2.5625
1.9375 2.625
1.9375 2.625
1.875 2.5625
1.875 2.5625
1.8125 2.6875
1.8125 2.6875
1.8125 2.625
1.8125 2.625
1.875 2.6875
1.875 2.6875
1.5625 2.125
1.5625 2.125
1.625 2.1875
1.625 2.1875
1.5625 2.1875
1.5625 2.1875
1.875 2.4375
1.875 2.4375
1.8125 2.4375
1.8125 2.4375
1.8125 2.375
1.8125 2.375
1.5625 2.4375
1.5625 2.4375
1.5625 2.375
1.5625 2.375
1.625 2.4375
1.625 2.4375
1.6875 2.3125
1.6875 2.3125
1.6875 2.375
1.6875 2.375
1.625 2.3125
1.625 2.3125
1.875 2.9375
1.875 2.9375
1.8125 2.9375
1.8125 2.9375
1.8125 2.875
1.8125 2.875
1.5625 2.9375
1.5625 2.9375
1.5625 2.875
1.5625 2.875
1.625 2.9375
1.625 2.9375
1.5625 2.625
1.5625 2.625
1.625 2.6875
1.625 2.6875
1.5625 2.6875
1.5625 2.6875
1.6875 2.875
1.6875 2.875
1.625 2.8125
1.625 2.8125
1.6875 2.8125
1.6875 2.8125
1.0625 2.9375
1.0625 2.9375
1.0625 2.875
1.0625 2.875
1.125 2.9375
1.125 2.9375
1.0625 2.625
1.0625 2.625
1.125 2.6875
1.125 2.6875
1.0625 2.6875
1.0625 2.6875
1.375 2.9375
1.375 2.9375
1.3125 2.9375
1.3125 2.9375
1.3125 2.875
1.3125 2.875
1.125 2.8125
1.125 2.8125
1.1875 2.8125
1.1875 2.8125
1.1875 2.875
1.1875 2.875
1.0625 2.125
1.0625 2.125
1.125 2.1875
1.125 2.1875
1.0625 2.1875
1.0625 2.1875
1.375 2.4375
1.375 2.4375
1.3125 2.4375
1.3125 2.4375
1.3125 2.375
1.3125 2.375
1.0625 2.4375
1.0625 2.4375
1.0625 2.375
1.0625 2.375
1.125 2.4375
1.125 2.4375
1.1875 2.3125
1.1875 2.3125
1.1875 2.375
1.1875 2.375
1.125 2.3125
1.125 2.3125
1.4375 2.875
1.4375 2.875
1.375 2.8125
1.375 2.8125
1.4375 2.8125
1.4375 2.8125
1.125 2.5625
1.125 2.5625
1.1875 2.5625
1.1875 2.5625
1.1875 2.625
1.1875 2.625
1.4375 2.5625
1.4375 2.5625
1.4375 2.625
1.4375 2.625
1.375 2.5625
1.375 2.5625
1.3125 2.6875
1.3125 2.6875
1.3125 2.625
1.3125 2.625
1.375 2.6875
1.375 2.6875
0.125 2.0625
0.125 2.0625
0.1875 2.0625
0.1875 2.0625
0.1875 2.125
0.1875 2.125
0.4375 2.0625
0.4375 2.0625
0.4375 2.125
0.4375 2.125
0.375 2.0625
0.375 2.0625
0.4375 2.375
0.4375 2.375
0.375 2.3125
0.375 2.3125
0.4375 2.3125
0.4375 2.3125
0.3125 2.125
0.3125 2.125
0.375 2.1875
0.375 2.1875
0.3125 2.1875
0.3125 2.1875
0.9375 2.0625
0.9375 2.0625
0.9375 2.125
0.9375 2.125
0.875 2.0625
0.875 2.0625
0.9375 2.375
0.9375 2.375
0.875 2.3125
0.875 2.3125
0.9375 2.3125
0.9375 2.3125
0.625 2.0625
0.625 2.0625
0.6875 2.0625
0.6875 2.0625
0.6875 2.125
0.6875 2.125
0.875 2.1875
0.875 2.1875
0.8125 2.1875
0.8125 2.1875
0.8125 2.125
0.8125 2.125
0.9375 2.875
0.9375 2.875
0.875 2.8125
0.875 2.8125
0.9375 2.8125
0.9375 2.8125
0.625 2.5625
0.625 2.5625
0.6875 2.5625
0.6875 2.5625
0.6875 2.625
0.6875 2.625
0.9375 2.5625
0.9375 2.5625
0.9375 2.625
0.9375 2.625
0.875 2.5625
0.875 2.5625
0.8125 2.6875
0.8125 2.6875
0.8125 2.625
0.8125 2.625
0.875 2.6875
0.875 2.6875
0.5625 2.125
0.5625 2.125
0.625 2.1875
0.625 2.1875
0.5625 2.1875
0.5625 2.1875
0.875 2.4375
0.875 2.4375
0.8125 2.4375
0.8125 2.4375
0.8125 2.375
0.8125 2.375
0.5625 2.4375
0.5625 2.4375
0.5625 2.375
0.5625 2.375
0.625 2.4375
0.625 2.4375
0.6875 2.3125
0.6875 2.3125
0.6875 2.375
0.6875 2.375
0.625 2.3125
0.625 2.3125
0.875 2.9375
0.875 2.9375
0.8125 2.9375
0.8125 2.9375
0.8125 2.875
0.8125 2.875
0.5625 2.9375
0.5625 2.9375
0.5625 2.875
0.5625 2.875
0.625 2.9375
0.625 2.9375
0.5625 2.625
0.5625 2.625
0.625 2.6875
0.625 2.6875
0.5625 2.6875
0.5625 2.6875
0.6875 2.875
0.6875 2.875
0.625 2.8125
0.625 2.8125
0.6875 2.8125
0.6875 2.8125
0.0625 2.9375
0.0625 2.9375
0.0625 2.875
0.0625 2.875
0.125 2.9375
0.125 2.9375
0.0625 2.625
0.0625 2.625
0.125 2.6875
0.125 2.6875
0.0625 2.6875
0.0625 2.6875
0.375 2.9375
0.375 2.9375
0.3125 2.9375
0.3125 2.9375
0.3125 2.875
0.3125 2.875
0.125 2.8125
0.125 2.8125
0.1875 2.8125
0.1875 2.8125
0.1875 2.875
0.1875 2.875
0.0625 2.125
0.0625 2.125
0.125 2.1875
0.125 2.1875
0.0625 2.1875
0.0625 2.1875
0.375 2.4375
0.375 2.4375
0.3125 2.4375
0.3125 2.4375
0.3125 2.375
0.3125 2.375
0.0625 2.4375
0.0625 2.4375
0.0625 2.375
0.0625 2.375
0.125 2.4375
0.125 2.4375
0.1875 2.3125
0.1875 2.3125
0.1875 2.375
0.1875 2.375
0.125 2.3125
0.125 2.3125
0.4375 2.875
0.4375 2.875
0.375 2.8125
0.375 2.8125
0.4375 2.8125
0.4375 2.8125
0.125 2.5625
0.125 2.5625
0.1875 2.5625
0.1875 2.5625
0.1875 2.625
0.1875 2.625
0.4375 2.5625
0.4375 2.5625
0.4375 2.625
0.4375 2.625
0.375 2.5625
0.375 2.5625
0.3125 2.6875
0.3125 2.6875
0.3125 2.625
0.3125 2.625
0.375 2.6875
0.375 2.6875
0.125 1.0625
0.125 1.0625
0.1875 1.0625
0.1875 1.0625
0.1875 1.125
0.1875 1.125
0.4375 1.0625
0.4375 1.0625
0.4375 1.125
0.4375 1.125
0.375 1.0625
0.375 1.0625
0.4375 1.375
0.4375 1.375
0.375 1.3125
0.375 1.3125
0.4375 1.3125
0.4375 1.3125
0.3125 1.125
0.3125 1.125
0.375 1.1875
0.375 1.1875
0.3125 1.1875
0.3125 1.1875
0.9375 1.0625
0.9375 1.0625
0.9375 1.125
0.9375 1.125
0.875 1.0625
0.875 1.0625
0.9375 1.375
0.9375 1.375
0.875 1.3125
0.875 1.3125
0.9375 1.3125
0.9375 1.3125
0.625 1.0625
0.625 1.0625
0.6875 1.0625
0.6875 1.0625
0.6875 1.125
0.6875 1.125
0.875 1.1875
0.875 1.1875
0.8125 1.1875
0.8125 1.1875
0.8125 1.125
0.8125 1.125
0.9375 1.875
0.9375 1.875
0.875 1.8125
0.875 1.8125
0.9375 1.8125
0.9375 1.8125
0.625 1.5625
0.625 1.5625
0.6875 1.5625
0.6875 1.5625
0.6875 1.625
0.6875 1.625
0.9375 1.5625
0.9375 1.5625
0.9375 1.625
0.9375 1.625
0.875 1.5625
0.875 1.5625
0.8125 1.6875
0.8125 1.6875
0.8125 1.625
0.8125 1.625
0.875 1.6875
0.875 1.6875
0.5625 1.125
0.5625 1.125
0.625 1.1875
0.625 1.1875
0.5625 1.1875
0.5625 1.1875
0.875 1.4375
0.875 1.4375
0.8125 1.4375
0.8125 1.4375
0.8125 1.375
0.8125 1.375
0.5625 1.4375
0.5625 1.4375
0.5625 1.375
0.5625 1.375
0.625 1.4375
0.625 1.4375
0.6875 1.3125
0.6875 1.3125
0.6875 1.375
0.6875 1.375
0.625 1.3125
0.625 1.3125
0.875 1.9375
0.875 1.9375
0.8125 1.9375
0.8125 1.9375
0.8125 1.875
0.8125 1.875
0.5625 1.9375
0.5625 1.9375
0.5625 1.875
0.5625 1.875
0.625 1.9375
0.625 1.9375
0.5625 1.625
0.5625 1.625
0.625 1.6875
0.625 1.6875
0.5625 1.6875
0.5625 1.6875
0.6875 1.875
0.6875 1.875
0.625 1.8125
0.625 1.8125
0.6875 1.8125
0.6875 1.8125
0.0625 1.9375
0.0625 1.9375
0.0625 1.875
0.0625 1.875
0.125 1.9375
0.125 1.9375
0.0625 1.625
0.0625 1.625
0.125 1.6875
0.125 1.6875
0.0625 1.6875
0.0625 1.6875
0.375 1.9375
0.375 1.9375
0.3125 1.9375
0.3125 1.9375
0.3125 1.875
0.3125 1.875
0.125 1.8125
0.125 1.8125
0.1875 1.8125
0.1875 1.8125
0.1875 1.875
0.1875 1.875
0.0625 1.125
0.0625 1.125
0.125 1.1875
0.125 1.1875
0.0625 1.1875
0.0625 1.1875
0.375 1.4375
0.375 1.4375
0.3125 1.4375
0.3125 1.4375
0.3125 1.375
0.3125 1.375
0.0625 1.4375
0.0625 1.4375
0.0625 1.375
0.0625 1.375
0.125 1.4375
0.125 1.4375
0.1875 1.3125
0.1875 1.3125
0.1875 1.375
0.1875 1.375
0.125 1.3125
0.125 1.3125
0.4375 1.875
0.4375 1.875
0.375 1.8125
0.375 1.8125
0.4375 1.8125
0.4375 1.8125
0.125 1.5625
0.125 1.5625
0.1875 1.5625
0.1875 1.5625
0.1875 1.625
0.1875 1.625
0.4375 1.5625
0.4375 1.5625
0.4375 1.625
0.4375 1.625
0.375 1.5625
0.375 1.5625
0.3125 1.6875
0.3125 1.6875
0.3125 1.625
0.3125 1.625
0.375 1.6875
0.375 1.6875
1.125 1.0625
1.125 1.0625
1.1875 1.0625
1.1875 1.0625
1.1875 1.125
1.1875 1.125
1.4375 1.0625
1.4375 1.0625
1.4375 1.125
1.4375 1.125
1.375 1.0625
1.375 1.0625
1.4375 1.375
1.4375 1.375
1.375 1.3125
1.375 1.3125
1.4375 1.3125
1.4375 1.3125
1.3125 1.125
1.3125 1.125
1.375 1.1875
1.375 1.1875
1.3125 1.1875
1.3125 1.1875
1.9375 1.0625
1.9375 1.0625
1.9375 1.125
1.9375 1.125
1.875 1.0625
1.875 1.0625
1.9375 1.375
1.9375 1.375
1.875 1.3125
1.875 1.3125
1.9375 1.3125
1.9375 1.3125
1.625 1.0625
1.625 1.0625
1.6875 1.0625
1.6875 1.0625
1.6875 1.125
1.6875 1.125
1.875 1.1875
1.875 1.1875
1.8125 1.1875
1.8125 1.1875
1.8125 1.125
1.8125 1.125
1.9375 1.875
1.9375 1.875
1.875 1.8125
1.875 1.8125
1.9375 1.8125
1.9375 1.8125
1.625 1.5625
1.625 1.5625
1.6875 1.5625
1.6875 1.5625
1.6875 1.625
1.6875 1.625
1.9375 1.5625
1.9375 1.5625
1.9375 1.625
1.9375 1.625
1.875 1.5625
1.875 1.5625
1.8125 1.6875
1.8125 1.6875
1.8125 1.625
1.8125 1.625
1.875 1.6875
1.875 1.6875
1.5625 1.125
1.5625 1.125
1.625 1.1875
1.625 1.1875
1.5625 1.1875
1.5625 1.1875
1.875 1.4375
1.875 1.4375
1.8125 1.4375
1.8125 1.4375
1.8125 1.375
1.8125 1.375
1.5625 1.4375
1.5625 1.4375
1.5625 1.375
1.5625 1.375
1.625 1.4375
1.625 1.4375
1.6875 1.3125
1.6875 1.3125
1.6875 1.375
1.6875 1.375
1.625 1.3125
1.625 1.3125
1.875 1.9375
1.875 1.9375
1.8125 1.9375
1.8125 1.9375
1.8125 1.875
1.8125 1.875
1.5625 1.9375
1.5625 1.9375
1.5625 1.875
1.5625 1.875
1.625 1.9375
1.625 1.9375
1.5625 1.625
1.5625 1.625
1.625 1.6875
1.625 1.6875
1.5625 1.6875
1.5625 1.6875
1.6875 1.875
1.6875 1.875
1.625 1.8125
1.625 1.8125
1.6875 1.8125
1.6875 1.8125
1.0625 1.9375
1.0625 1.9375
1.0625 1.875
1.0625 1.875
1.125 1.9375
1.125 1.9375
1.0625 1.625
1.0625 1.625
1.125 1.6875
1.125 1.6875
1.0625 1.6875
1.0625 1.6875
1.375 1.9375
1.375 1.9375
1.3125 1.9375
1.3125 1.9375
1.3125 1.875
1.3125 1.875
1.125 1.8125
1.125 1.8125
1.1875 1.8125
1.1875 1.8125
1.1875 1.875
1.1875 1.875
1.0625 1.125
1.0625 1.125
1.125 1.1875
1.125 1.1875
1.0625 1.1875
1.0625 1.1875
1.375 1.4375
1.375 1.4375
1.3125 1.4375
1.3125 1.4375
1.3125 1.375
1.3125 1.375
1.0625 1.4375
1.0625 1.4375
1.0625 1.375
1.0625 1.375
1.125 1.4375
1.125 1.4375
1.1875 1.3125
1.1875 1.3125
1.1875 1.375
1.1875 1.375
1.125 1.3125
1.125 1.3125
1.4375 1.875
1.4375 1.875
1.375 1.8125
1.375 1.8125
1.4375 1.8125
1.4375 1.8125
1.125 1.5625
1.125 1.5625
1.1875 1.5625
1.1875 1.5625
1.1875 1.625
1.1875 1.625
1.4375 1.5625
1.4375 1.5625
1.4375 1.625
1.4375 1.625
1.375 1.5625
1.375 1.5625
1.3125 1.6875
1.3125 1.6875
1.3125 1.625
1.3125 1.625
1.375 1.6875
1.375 1.6875
1 3
1 3
0 3
0 3
0.5 3
0.5 3
0.25 3
0.25 3
0.75 3
0.75 3
0.125 3
0.125 3
0.375 3
0.375 3
0.625 3
0.625 3
0.875 3
0.875 3
0.0625 3
0.0625 3
0.1875 3
0.1875 3
0.3125 3
0.3125 3
0.4375 3
0.4375 3
0.5625 3
0.5625 3
0.6875 3
0.6875 3
0.8125 3
0.8125 3
0.9375 3
0.9375 3
2 0
2 0
2 1
2 1
2 0.5
2 0.5
2 0.75
2 0.75
2 0.25
2 0.25
2 0.875
2 0.875
2 0.625
2 0.625
2 0.375
2 0.375
2 0.125
2 0.125
2 0.9375
2 0.9375
2 0.8125
2 0.8125
2 0.6875
2 0.6875
2 0.5625
2 0.5625
2 0.4375
2 0.4375
2 0.3125
2 0.3125
2 0.1875
2 0.1875
2 0.0625
2 0.0625
0 1
0 1
0 0
0 0
1 0
1 0
2 2
2 2
2 3
2 3
0 2
0 2
0 0.5
0 0.5
1.5 0
1.5 0
0.5 0
0.5 0
1.5 3
1.5 3
2 2.5
2 2.5
0 2.5
0 2.5
0 1.5
0 1.5
2 1.5
2 1.5
0 0.25
0 0.25
0 0.75
0 0.75
1.75 0
1.75 0
1.25 0
1.25 0
0.75 0
0.75 0
0.25 0
0.25 0
1.25 3
1.25 3
1.75 3
1.75 3
2 2.75
2 2.75
2 2.25
2 2.25
0 2.25
0 2.25
0 2.75
0 2.75
0 1.25
0 1.25
0 1.75
0 1.75
2 1.75
2 1.75
2 1.25
2 1.25
0 0.125
0 0.125
0 0.375
0 0.375
0 0.625
0 0.625
0 0.875
0 0.875
1.875 0
1.875 0
1.625 0
1.625 0
1.375 0
1.375 0
1.125 0
1.125 0
0.875 0
0.875 0
0.625 0
0.625 0
0.375 0
0.375 0
0.125 0
0.125 0
1.125 3
1.125 3
1.375 3
1.375 3
1.625 3
1.625 3
1.875 3
1.875 3
2 2.875
2 2.875
2 2.625
2 2.625
2 2.375
2 2.375
2 2.125
2 2.125
0 2.125
0 2.125
0 2.375
0 2.375
0 2.625
0 2.625
0 2.875
0 2.875
0 1.125
0 1.125
0 1.375
0 1.375
0 1.625
0 1.625
0 1.875
0 1.875
2 1.875
2 1.875
2 1.625
2 1.625
2 1.375
2 1.375
2 1.125
2 1.125
0 0.0625
0 0.0625
0 0.1875
0 0.1875
0 0.3125
0 0.3125
0 0.4375
0 0.4375
0 0.5625
0 0.5625
0 0.6875
0 0.6875
0 0.8125
0 0.8125
0 0.9375
0 0.9375
1.9375 0
1.9375 0
1.8125 0
1.8125 0
1.6875 0
1.6875 0
1.5625 0
1.5625 0
1.4375 0
1.4375 0
1.3125 0
1.3125 0
1.1875 0
1.1875 0
1.0625 0
1.0625 0
0.9375 0
0.9375 0
0.8125 0
0.8125 0
0.6875 0
0.6875 0
0.5625 0
0.5625 0
0.4375 0
0.4375 0
0.3125 0
0.3125 0
0.1875 0
0.1875 0
0.0625 0
0.0625 0
1.0625 3
1.0625 3
1.1875 3
1.1875 3
1.3125 3
1.3125 3
1.4375 3
1.4375 3
1.5625 3
1.5625 3
1.6875 3
1.6875 3
1.8125 3
1.8125 3
1.9375 3
1.9375 3
2 2.9375
2 2.9375
2 2.8125
2 2.8125
2 2.6875
2 2.6875
2 2.5625
2 2.5625
2 2.4375
2 2.4375
2 2.3125
2 2.3125
2 2.1875
2 2.1875
2 2.0625
2 2.0625
0 2.0625
0 2.0625
0 2.1875
0 2.1875
0 2.3125
0 2.3125
0 2.4375
0 2.4375
0 2.5625
0 2.5625
0 2.6875
0 2.6875
0 2.8125
0 2.8125
0 2.9375
0 2.9375
0 1.0625
0 1.0625
0 1.1875
0 1.1875
0 1.3125
0 1.3125
0 1.4375
0 1.4375
0 1.5625
0 1.5625
0 1.6875
0 1.6875
0 1.8125
0 1.8125
0 1.9375
0 1.9375
2 1.9375
2 1.9375
2 1.8125
2 1.8125
2 1.6875
2 1.6875
2 1.5625
2 1.5625
2 1.4375
2 1.4375
2 1.3125
2 1.3125
2 1.1875
2 1.1875
2 1.0625
2 1.0625
1
0 0 0
1 1 0
2 2 -9792.6363
3 3 0
4 4 0
5 5 0
6 6 4896.31815
7 7 0
8 8 0
9 9 0
10 10 -14688.95445
11 11 0
12 12 -9792.6363
13 13 0
14 14 -9792.6363
15 15 0
16 16 -4896.31815
17 17 0
18 18 4896.31815
19 19 0
20 20 4896.31815
21 21 0
22 22 -14688.95445
23 23 0
24 24 -14688.95445
25 25 0
26 26 -4896.31815
27 27 0
28 28 -4896.31815
29 29 0
30 30 0
31 31 0
32 32 0
33 33 0
34 34 2448.159075
35 35 0
36 36 7344.477225000001
37 37 0
38 38 0
39 39 0
40 40 0
41 41 0
42 42 -17137.113525
43 43 0
44 44 -12240.795375
45 45 0
46 46 -9792.6363
47 47 0
48 48 -9792.6363
49 49 0
50 50 -9792.6363
51 51 0
52 52 -9792.6363
53 53 0
54 54 -7344.477225000001
55 55 0
56 56 -2448.159075
57 57 0
58 58 7344.477225000001
59 59 0
60 60 2448.159075
61 61 0
62 62 7344.477225000001
63 63 0
64 64 2448.159075
65 65 0
66 66 -12240.795375
67 67 0
68 68 -17137.113525
69 69 0
70 70 -12240.795375
71 71 0
72 72 -17137.113525
73 73 0
74 74 -2448.159075
75 75 0
76 76 -7344.477225000001
77 77 0
78 78 -2448.159075
79 79 0
80 80 -7344.477225000001
81 81 0
82 82 7344.477225000001
83 83 0
84 84 7344.477225000001
85 85 0
86 86 4896.31815
87 87 0
88 88 2448.159075
89 89 0
90 90 2448.159075
91 91 0
92 92 4896.31815
93 93 0
94 94 7344.477225000001
95 95 0
96 96 7344.477225000001
97 97 0
98 98 4896.31815
99 99 0
100 100 2448.159075
101 101 0
102 102 2448.159075
103 103 0
104 104 4896.31815
105 105 0
106 106 -12240.795375
107 107 0
108 108 -12240.795375
109 109 0
110 110 -14688.95445
111 111 0
112 112 -17137.113525
113 113 0
114 114 -17137.113525
115 115 0
116 116 -14688.95445
117 117 0
118 118 -12240.795375
119 119 0
120 120 -12240.795375
121 121 0
122 122 -14688.95445
123 123 0
124 124 -17137.113525
125 125 0
126 126 -17137.113525
127 127 0
128 128 -14688.95445
129 129 0
130 130 -2448.159075
131 131 0
132 132 -2448.159075
133 133 0
134 134 -4896.31815
135 135 0
136 136 -7344.477225000001
137 137 0
138 138 -7344.477225000001
139 139 0
140 140 -4896.31815
141 141 0
142 142 -2448.159075
143 143 0
144 144 -2448.159075
145 145 0
146 146 -4896.31815
147 147 0
148 148 -7344.477225000001
149 149 0
150 150 -7344.477225000001
151 151 0
152 152 -4896.31815
153 153 0
154 154 0
155 155 0
156 156 0
157 157 0
158 158 0
159 159 0
160 160 0
161 161 0
162 162 1224.0795375
163 163 0
164 164 3672.2386125
165 165 0
166 166 6120.3976875
167 167 0
168 168 8568.5567625
169 169 0
170 170 0
171 171 0
172 172 0
173 173 0
174 174 0
175 175 0
176 176 0
177 177 0
178 178 -18361.1930625
179 179 0
180 180 -15913.0339875
181 181 0
182 182 -13464.8749125
183 183 0
184 184 -11016.7158375
185 185 0
186 186 -9792.6363
187 187 0
188 188 -9792.6363
189 189 0
190 190 -9792.6363
191 191 0
192 192 -9792.6363
193 193 0
194 194 -9792.6363
195 195 0
196 196 -9792.6363
197 197 0
198 198 -9792.6363
199 199 0
200 200 -9792.6363
201 201 0
202 202 -8568.5567625
203 203 0
204 204 -6120.3976875
205 205 0
206 206 -3672.2386125
207 207 0
208 208 -1224.0795375
209 209 0
210 210 8568.5567625
211 211 0
212 212 6120.3976875
213 213 0
214 214 3672.2386125
215 215 0
216 216 1224.0795375
217 217 0
218 218 8568.5567625
219 219 0
220 220 6120.3976875
221 221 0
222 222 3672.2386125
223 223 0
224 224 1224.0795375
225 225 0
226 226 -11016.7158375
227 227 0
228 228 -13464.8749125
229 229 0
230 230 -15913.0339875
231 231 0
232 232 -18361.1930625
233 233 0
234 234 -11016.7158375
235 235 0
236 236 -13464.8749125
237 237 0
238 238 -15913.0339875
239 239 0
240 240 -18361.1930625
241 241 0
242 242 -1224.0795375
243 243 0
244 244 -3672.2386125
245 245 0
246 246 -6120.3976875
247 247 0
248 248 -8568.5567625
249 249 0
250 250 -1224.0795375
251 251 0
252 252 -3672.2386125
253 253 0
254 254 -6120.3976875
255 255 0
256 256 -8568.5567625
257 257 0
258 258 8568.5567625
259 259 0
260 260 6120.3976875
261 261 0
262 262 6120.3976875
263 263 0
264 264 8568.5567625
265 265 0
266 266 4896.31815
267 267 0
268 268 4896.31815
269 269 0
270 270 1224.0795375
271 271 0
272 272 3672.2386125
273 273 0
274 274 3672.2386125
275 275 0
276 276 1224.0795375
277 277 0
278 278 4896.31815
279 279 0
280 280 4896.31815
281 281 0
282 282 8568.5567625
283 283 0
284 284 6120.3976875
285 285 0
286 286 6120.3976875
287 287 0
288 288 8568.5567625
289 289 0
290 290 4896.31815
291 291 0
292 292 4896.31815
293 293 0
294 294 1224.0795375
295 295 0
296 296 3672.2386125
297 297 0
298 298 3672.2386125
299 299 0
300 300 1224.0795375
301 301 0
302 302 4896.31815
303 303 0
304 304 4896.31815
305 305 0
306 306 -11016.7158375
307 307 0
308 308 -13464.8749125
309 309 0
310 310 -13464.8749125
311 311 0
312 312 -11016.7158375
313 313 0
314 314 -14688.95445
315 315 0
316 316 -14688.95445
317 317 0
318 318 -18361.1930625
319 319 0
320 320 -15913.0339875
321 321 0
322 322 -15913.0339875
323 323 0
324 324 -18361.1930625
325 325 0
326 326 -14688.95445
327 327 0
328 328 -14688.95445
329 329 0
330 330 -11016.7158375
331 331 0
332 332 -13464.8749125
333 333 0
334 334 -13464.8749125
335 335 0
336 336 -11016.7158375
337 337 0
338 338 -14688.95445
339 339 0
340 340 -14688.95445
341 341 0
342 342 -18361.1930625
343 343 0
344 344 -15913.0339875
345 345 0
346 346 -15913.0339875
347 347 0
348 348 -18361.1930625
349 349 0
350 350 -14688.95445
351 351 0
352 352 -14688.95445
353 353 0
354 354 -1224.0795375
355 355 0
356 356 -3672.2386125
357 357 0
358 358 -3672.2386125
359 359 0
360 360 -1224.0795375
361 361 0
362 362 -4896.31815
363 363 0
364 364 -4896.31815
365 365 0
366 366 -8568.5567625
367 367 0
368 368 -6120.3976875
369 369 0
370 370 -6120.3976875
371 371 0
372 372 -8568.5567625
373 373 0
374 374 -4896.31815
375 375 0
376 376 -4896.31815
377 377 0
378 378 -1224.0795375
379 379 0
380 380 -3672.2386125
381 381 0
382 382 -3672.2386125
383 383 0
384 384 -1224.0795375
385 385 0
386 386 -4896.31815
387 387 0
388 388 -4896.31815
389 389 0
390 390 -8568.5567625
391 391 0
392 392 -6120.3976875
393 393 0
394 394 -6120.3976875
395 395 0
396 396 -8568.5567625
397 397 0
398 398 -4896.31815
399 399 0
400 400 -4896.31815
401 401 0
402 402 8568.5567625
403 403 0
404 404 8568.5567625
405 405 0
406 406 7344.477225000001
407 407 0
408 408 8568.5567625
409 409 0
410 410 7344.477225000001
411 411 0
412 412 8568.5567625
413 413 0
414 414 2448.159075
415 415 0
416 416 3672.2386125
417 417 0
418 418 3672.2386125
419 419 0
420 420 7344.477225000001
421 421 0
422 422 6120.3976875
423 423 0
424 424 6120.3976875
425 425 0
426 426 1224.0795375
427 427 0
428 428 1224.0795375
429 429 0
430 430 2448.159075
431 431 0
432 432 1224.0795375
433 433 0
434 434 2448.159075
435 435 0
436 436 1224.0795375
437 437 0
438 438 7344.477225000001
439 439 0
440 440 6120.3976875
441 441 0
442 442 6120.3976875
443 443 0
444 444 2448.159075
445 445 0
446 446 3672.2386125
447 447 0
448 448 3672.2386125
449 449 0
450 450 8568.5567625
451 451 0
452 452 8568.5567625
453 453 0
454 454 7344.477225000001
455 455 0
456 456 8568.5567625
457 457 0
458 458 7344.477225000001
459 459 0
460 460 8568.5567625
461 461 0
462 462 2448.159075
463 463 0
464 464 3672.2386125
465 465 0
466 466 3672.2386125
467 467 0
468 468 7344.477225000001
469 469 0
470 470 6120.3976875
471 471 0
472 472 6120.3976875
473 473 0
474 474 1224.0795375
475 475 0
476 476 1224.0795375
477 477 0
478 478 2448.159075
479 479 0
480 480 1224.0795375
481 481 0
482 482 2448.159075
483 483 0
484 484 1224.0795375
485 485 0
486 486 7344.477225000001
487 487 0
488 488 6120.3976875
489 489 0
490 490 6120.3976875
491 491 0
492 492 2448.159075
493 493 0
494 494 3672.2386125
495 495 0
496 496 3672.2386125
497 497 0
498 498 -11016.7158375
499 499 0
500 500 -11016.7158375
501 501 0
502 502 -12240.795375
503 503 0
504 504 -11016.7158375
505 505 0
506 506 -12240.795375
507 507 0
508 508 -11016.7158375
509 509 0
510 510 -17137.113525
511 511 0
512 512 -15913.0339875
513 513 0
514 514 -15913.0339875
515 515 0
516 516 -12240.795375
517 517 0
518 518 -13464.8749125
519 519 0
520 520 -13464.8749125
521 521 0
522 522 -18361.1930625
523 523 0
524 524 -18361.1930625
525 525 0
526 526 -17137.113525
527 527 0
528 528 -18361.1930625
529 529 0
530 530 -17137.113525
531 531 0
532 532 -18361.1930625
533 533 0
534 534 -12240.795375
535 535 0
536 536 -13464.8749125
537 537 0
538 538 -13464.8749125
539 539 0
540 540 -17137.113525
541 541 0
542 542 -15913.0339875
543 543 0
544 544 -15913.0339875
545 545 0
546 546 -11016.7158375
547 547 0
548 548 -11016.7158375
549 549 0
550 550 -12240.795375
551 551 0
552 552 -11016.7158375
553 553 0
554 554 -12240.795375
555 555 0
556 556 -11016.7158375
557 557 0
558 558 -17137.113525
559 559 0
560 560 -15913.0339875
561 561 0
562 562 -15913.0339875
563 563 0
564 564 -12240.795375
565 565 0
566 566 -13464.8749125
567 567 0
568 568 -13464.8749125
569 569 0
570 570 -18361.1930625
571 571 0
572 572 -18361.1930625
573 573 0
574 574 -17137.113525
575 575 0
576 576 -18361.1930625
577 577 0
578 578 -17137.113525
579 579 0
580 580 -18361.1930625
581 581 0
582 582 -12240.795375
583 583 0
584 584 -13464.8749125
585 585 0
586 586 -13464.8749125
587 587 0
588 588 -17137.113525
589 589 0
590 590 -15913.0339875
591 591 0
592 592 -15913.0339875
593 593 0
594 594 -1224.0795375
595 595 0
596 596 -1224.0795375
597 597 0
598 598 -2448.159075
599 599 0
600 600 -1224.0795375
601 601 0
602 602 -2448.159075
603 603 0
604 604 -1224.0795375
605 605 0
606 606 -7344.477225000001
607 607 0
608 608 -6120.3976875
609 609 0
610 610 -6120.3976875
611 611 0
612 612 -2448.159075
613 613 0
614 614 -3672.2386125
615 615 0
616 616 -3672.2386125
617 617 0
618 618 -8568.5567625
619 619 0
620 620 -8568.5567625
621 621 0
622 622 -7344.477225000001
623 623 0
624 624 -8568.5567625
625 625 0
626 626 -7344.477225000001
627 627 0
628 628 -8568.5567625
629 629 0
630 630 -2448.159075
631 631 0
632 632 -3672.2386125
633 633 0
634 634 -3672.2386125
635 635 0
636 636 -7344.477225000001
637 637 0
638 638 -6120.3976875
639 639 0
640 640 -6120.3976875
641 641 0
642 642 -1224.0795375
643 643 0
644 644 -1224.0795375
645 645 0
646 646 -2448.159075
647 647 0
648 648 -1224.0795375
649 649 0
650 650 -2448.159075
651 651 0
652 652 -1224.0795375
653 653 0
654 654 -7344.477225000001
655 655 0
656 656 -6120.3976875
657 657 0
658 658 -6120.3976875
659 659 0
660 660 -2448.159075
661 661 0
662 662 -3672.2386125
663 663 0
664 664 -3672.2386125
665 665 0
666 666 -8568.5567625
667 667 0
668 668 -8568.5567625
669 669 0
670 670 -7344.477225000001
671 671 0
672 672 -8568.5567625
673 673 0
674 674 -7344.477225000001
675 675 0
676 676 -8568.5567625
677 677 0
678 678 -2448.159075
679 679 0
680 680 -3672.2386125
681 681 0
682 682 -3672.2386125
683 683 0
684 684 -7344.477225000001
685 685 0
686 686 -6120.3976875
687 687 0
688 688 -6120.3976875
689 689 0
690 690 0
691 691 0
692 692 0
693 693 0
694 694 0
695 695 0
696 696 0
697 697 0
698 698 0
699 699 0
700 700 0
701 701 0
702 702 0
703 703 0
704 704 0
705 705 0
706 706 612.03976875
707 707 0
708 708 1836.11930625
709 709 0
710 710 3060.19884375
711 711 0
712 712 4284.27838125
713 713 0
714 714 5508.35791875
715 715 0
716 716 6732.43745625
717 717 0
718 718 7956.51699375
719 719 0
720 720 9180.596531249999
721 721 0
722 722 0
723 723 0
724 724 0
725 725 0
726 726 0
727 727 0
728 728 0
729 729 0
730 730 0
731 731 0
732 732 0
733 733 0
734 734 0
735 735 0
736 736 0
737 737 0
738 738 -18973.23283125
739 739 0
740 740 -17749.15329375
741 741 0
742 742 -16525.07375625
743 743 0
744 744 -15300.99421875
745 745 0
746 746 -14076.91468125
747 747 0
748 748 -12852.83514375
749 749 0
750 750 -11628.75560625
751 751 0
752 752 -10404.67606875
753 753 0
754 754 -9792.6363
755 755 0
756 756 -9792.6363
757 757 0
758 758 -9792.6363
759 759 0
760 760 -9792.6363
761 761 0
762 762 -9792.6363
763 763 0
764 764 -9792.6363
765 765 0
766 766 -9792.6363
767 767 0
768 768 -9792.6363
769 769 0
770 770 -9792.6363
771 771 0
772 772 -9792.6363
773 773 0
774 774 -9792.6363
775 775 0
776 776 -9792.6363
777 777 0
778 778 -9792.6363
779 779 0
780 780 -9792.6363
781 781 0
782 782 -9792.6363
783 783 0
784 784 -9792.6363
785 785 0
786 786 -9180.596531249999
787 787 0
788 788 -7956.51699375
789 789 0
790 790 -6732.43745625
791 791 0
792 792 -5508.35791875
793 793 0
794 794 -4284.27838125
795 795 0
796 796 -3060.19884375
797 797 0
798 798 -1836.11930625
799 799 0
800 800 -612.03976875
801 801 0
802 802 9180.596531249999
803 803 0
804 804 7956.51699375
805 805 0
806 806 6732.43745625
807 807 0
808 808 5508.35791875
809 809 0
810 810 4284.27838125
811 811 0
812 812 3060.19884375
813 813 0
814 814 1836.11930625
815 815 0
816 816 612.03976875
817 817 0
818 818 9180.596531249999
819 819 0
820 820 7956.51699375
821 821 0
822 822 6732.43745625
823 823 0
824 824 5508.35791875
825 825 0
826 826 4284.27838125
827 827 0
828 828 3060.19884375
829 829 0
830 830 1836.11930625
831 831 0
832 832 612.03976875
833 833 0
834 834 -10404.67606875
835 835 0
836 836 -11628.75560625
837 837 0
838 838 -12852.83514375
839 839 0
840 840 -14076.91468125
841 841 0
842 842 -15300.99421875
843 843 0
844 844 -16525.07375625
845 845 0
846 846 -17749.15329375
847 847 0
848 848 -18973.23283125
849 849 0
850 850 -10404.67606875
851 851 0
852 852 -11628.75560625
853 853 0
854 854 -12852.83514375
855 855 0
856 856 -14076.91468125
857 857 0
858 858 -15300.99421875
859 859 0
860 860 -16525.07375625
861 861 0
862 862 -17749.15329375
863 863 0
864 864 -18973.23283125
865 865 0
866 866 -612.03976875
867 867 0
868 868 -1836.11930625
869 869 0
870 870 -3060.19884375
871 871 0
872 872 -4284.27838125
873 873 0
874 874 -5508.35791875
875 875 0
876 876 -6732.43745625
877 877 0
878 878 -7956.51699375
879 879 0
880 880 -9180.596531249999
881 881 0
882 882 -612.03976875
883 883 0
884 884 -1836.11930625
885 885 0
886 886 -3060.19884375
887 887 0
888 888 -4284.27838125
889 889 0
890 890 -5508.35791875
891 891 0
892 892 -6732.43745625
893 893 0
894 894 -7956.51699375
895 895 0
896 896 -9180.596531249999
897 897 0
898 898 9180.596531249999
899 899 0
900 900 7956.51699375
901 901 0
902 902 6732.43745625
903 903 0
904 904 5508.35791875
905 905 0
906 906 5508.35791875
907 907 0
908 908 6732.43745625
909 909 0
910 910 7956.51699375
911 911 0
912 912 9180.596531249999
913 913 0
914 914 4896.31815
915 915 0
916 916 4896.31815
917 917 0
918 918 4896.31815
919 919 0
920 920 4896.31815
921 921 0
922 922 612.03976875
923 923 0
924 924 1836.11930625
925 925 0
926 926 3060.19884375
927 927 0
928 928 4284.27838125
929 929 0
930 930 4284.27838125
931 931 0
932 932 3060.19884375
933 933 0
934 934 1836.11930625
935 935 0
936 936 612.03976875
937 937 0
938 938 4896.31815
939 939 0
940 940 4896.31815
941 941 0
942 942 4896.31815
943 943 0
944 944 4896.31815
945 945 0
946 946 9180.596531249999
947 947 0
948 948 7956.51699375
949 949 0
950 950 6732.43745625
951 951 0
952 952 5508.35791875
953 953 0
954 954 5508.35791875
955 955 0
956 956 6732.43745625
957 957 0
958 958 7956.51699375
959 959 0
960 960 9180.596531249999
961 961 0
962 962 4896.31815
963 963 0
964 964 4896.31815
965 965 0
966 966 4896.31815
967 967 0
968 968 4896.31815
969 969 0
970 970 612.03976875
971 971 0
972 972 1836.11930625
973 973 0
974 974 3060.19884375
975 975 0
976 976 4284.27838125
977 977 0
978 978 4284.27838125
979 979 0
980 980 3060.19884375
981 981 0
982 982 1836.11930625
983 983 0
984 984 612.03976875
985 985 0
986 986 4896.31815
987 987 0
988 988 4896.31815
989 989 0
990 990 4896.31815
991 991 0
992 992 4896.31815
993 993 0
994 994 -10404.67606875
995 995 0
996 996 -11628.75560625
997 997 0
998 998 -12852.83514375
999 999 0
1000 1000 -14076.91468125
1001 1001 0
1002 1002 -14076.91468125
1003 1003 0
1004 1004 -12852.83514375
1005 1005 0
1006 1006 -11628.75560625
1007 1007 0
1008 1008 -10404.67606875
1009 1009 0
1010 1010 -14688.95445
1011 1011 0
1012 1012 -14688.95445
1013 1013 0
1014 1014 -14688.95445
1015 1015 0
1016 1016 -14688.95445
1017 1017 0
1018 1018 -18973.23283125
1019 1019 0
1020 1020 -17749.15329375
1021 1021 0
1022 1022 -16525.07375625
1023 1023 0
1024 1024 -15300.99421875
1025 1025 0
1026 1026 -15300.99421875
1027 1027 0
1028 1028 -16525.07375625
1029 1029 0
1030 1030 -17749.15329375
1031 1031 0
1032 1032 -18973.23283125
1033 1033 0
1034 1034 -14688.95445
1035 1035 0
1036 1036 -14688.95445
1037 1037 0
1038 1038 -14688.95445
1039 1039 0
1040 1040 -14688.95445
1041 1041 0
1042 1042 -10404.67606875
1043 1043 0
1044 1044 -11628.75560625
1045 1045 0
1046 1046 -12852.83514375
1047 1047 0
1048 1048 -14076.91468125
1049 1049 0
1050 1050 -14076.91468125
1051 1051 0
1052 1052 -12852.83514375
1053 1053 0
1054 1054 -11628.75560625
1055 1055 0
1056 1056 -10404.67606875
1057 1057 0
1058 1058 -14688.95445
1059 1059 0
1060 1060 -14688.95445
1061 1061 0
1062 1062 -14688.95445
1063 1063 0
1064 1064 -14688.95445
1065 1065 0
1066 1066 -18973.23283125
1067 1067 0
1068 1068 -17749.15329375
1069 1069 0
1070 1070 -16525.07375625
1071 1071 0
1072 1072 -15300.99421875
1073 1073 0
1074 1074 -15300.99421875
1075 1075 0
1076 1076 -16525.07375625
1077 1077 0
1078 1078 -17749.15329375
1079 1079 0
1080 1080 -18973.23283125
1081 1081 0
1082 1082 -14688.95445
1083 1083 0
1084 1084 -14688.95445
1085 1085 0
1086 1086 -14688.95445
1087 1087 0
1088 1088 -14688.95445
1089 1089 0
1090 1090 -612.03976875
1091 1091 0
1092 1092 -1836.11930625
1093 1093 0
1094 1094 -3060.19884375
1095 1095 0
1096 1096 -4284.27838125
1097 1097 0
1098 1098 -4284.27838125
1099 1099 0
1100 1100 -3060.19884375
1101 1101 0
1102 1102 -1836.11930625
1103 1103 0
1104 1104 -612.03976875
1105 1105 0
1106 1106 -4896.31815
1107 1107 0
1108 1108 -4896.31815
1109 1109 0
1110 1110 -4896.31815
1111 1111 0
1112 1112 -4896.31815
1113 1113 0
1114 1114 -9180.596531249999
1115 1115 0
1116 1116 -7956.51699375
1117 1117 0
1118 1118 -6732.43745625
1119 1119 0
1120 1120 -5508.35791875
1121 1121 0
1122 1122 -5508.35791875
1123 1123 0
1124 1124 -6732.43745625
1125 1125 0
1126 1126 -7956.51699375
1127 1127 0
1128 1128 -9180.596531249999
1129 1129 0
1130 1130 -4896.31815
1131 1131 0
1132 1132 -4896.31815
1133 1133 0
1134 1134 -4896.31815
1135 1135 0
1136 1136 -4896.31815
1137 1137 0
1138 1138 -612.03976875
1139 1139 0
1140 1140 -1836.11930625
1141 1141 0
1142 1142 -3060.19884375
1143 1143 0
1144 1144 -4284.27838125
1145 1145 0
1146 1146 -4284.27838125
1147 1147 0
1148 1148 -3060.19884375
1149 1149 0
1150 1150 -1836.11930625
1151 1151 0
1152 1152 -612.03976875
1153 1153 0
1154 1154 -4896.31815
1155 1155 0
1156 1156 -4896.31815
1157 1157 0
1158 1158 -4896.31815
1159 1159 0
1160 1160 -4896.31815
1161 1161 0
1162 1162 -9180.596531249999
1163 1163 0
1164 1164 -7956.51699375
1165 1165 0
1166 1166 -6732.43745625
1167 1167 0
1168 1168 -5508.35791875
1169 1169 0
1170 1170 -5508.35791875
1171 1171 0
1172 1172 -6732.43745625
1173 1173 0
1174 1174 -7956.51699375
1175 1175 0
1176 1176 -9180.596531249999
1177 1177 0
1178 1178 -4896.31815
1179 1179 0
1180 1180 -4896.31815
1181 1181 0
1182 1182 -4896.31815
1183 1183 0
1184 1184 -4896.31815
1185 1185 0
1186 1186 9180.596531249999
1187 1187 0
1188 1188 7956.51699375
1189 1189 0
1190 1190 7956.51699375
1191 1191 0
1192 1192 9180.596531249999
1193 1193 0
1194 1194 7344.477225000001
1195 1195 0
1196 1196 7344.477225000001
1197 1197 0
1198 1198 7956.51699375
1199 1199 0
1200 1200 9180.596531249999
1201 1201 0
1202 1202 7344.477225000001
1203 1203 0
1204 1204 7344.477225000001
1205 1205 0
1206 1206 9180.596531249999
1207 1207 0
1208 1208 7956.51699375
1209 1209 0
1210 1210 2448.159075
1211 1211 0
1212 1212 2448.159075
1213 1213 0
1214 1214 4284.27838125
1215 1215 0
1216 1216 3060.19884375
1217 1217 0
1218 1218 3060.19884375
1219 1219 0
1220 1220 4284.27838125
1221 1221 0
1222 1222 7344.477225000001
1223 1223 0
1224 1224 7344.477225000001
1225 1225 0
1226 1226 5508.35791875
1227 1227 0
1228 1228 6732.43745625
1229 1229 0
1230 1230 6732.43745625
1231 1231 0
1232 1232 5508.35791875
1233 1233 0
1234 1234 612.03976875
1235 1235 0
1236 1236 1836.11930625
1237 1237 0
1238 1238 1836.11930625
1239 1239 0
1240 1240 612.03976875
1241 1241 0
1242 1242 2448.159075
1243 1243 0
1244 1244 2448.159075
1245 1245 0
1246 1246 1836.11930625
1247 1247 0
1248 1248 612.03976875
1249 1249 0
1250 1250 2448.159075
1251 1251 0
1252 1252 2448.159075
1253 1253 0
1254 1254 612.03976875
1255 1255 0
1256 1256 1836.11930625
1257 1257 0
1258 1258 7344.477225000001
1259 1259 0
1260 1260 7344.477225000001
1261 1261 0
1262 1262 5508.35791875
1263 1263 0
1264 1264 6732.43745625
1265 1265 0
1266 1266 6732.43745625
1267 1267 0
1268 1268 5508.35791875
1269 1269 0
1270 1270 2448.159075
1271 1271 0
1272 1272 2448.159075
1273 1273 0
1274 1274 4284.27838125
1275 1275 0
1276 1276 3060.19884375
1277 1277 0
1278 1278 3060.19884375
1279 1279 0
1280 1280 4284.27838125
1281 1281 0
1282 1282 9180.596531249999
1283 1283 0
1284 1284 7956.51699375
1285 1285 0
1286 1286 7956.51699375
1287 1287 0
1288 1288 9180.596531249999
1289 1289 0
1290 1290 7344.477225000001
1291 1291 0
1292 1292 7344.477225000001
1293 1293 0
1294 1294 7956.51699375
1295 1295 0
1296 1296 9180.596531249999
1297 1297 0
1298 1298 7344.477225000001
1299 1299 0
1300 1300 7344.477225000001
1301 1301 0
1302 1302 9180.596531249999
1303 1303 0
1304 1304 7956.51699375
1305 1305 0
1306 1306 2448.159075
1307 1307 0
1308 1308 2448.159075
1309 1309 0
1310 1310 4284.27838125
1311 1311 0
1312 1312 3060.19884375
1313 1313 0
1314 1314 3060.19884375
1315 1315 0
1316 1316 4284.27838125
1317 1317 0
1318 1318 7344.477225000001
1319 1319 0
1320 1320 7344.477225000001
1321 1321 0
1322 1322 5508.35791875
1323 1323 0
1324 1324 6732.43745625
1325 1325 0
1326 1326 6732.43745625
1327 1327 0
1328 1328 5508.35791875
1329 1329 0
1330 1330 612.03976875
1331 1331 0
1332 1332 1836.11930625
1333 1333 0
1334 1334 1836.11930625
1335 1335 0
1336 1336 612.03976875
1337 1337 0
1338 1338 2448.159075
1339 1339 0
1340 1340 2448.159075
1341 1341 0
1342 1342 1836.11930625
1343 1343 0
1344 1344 612.03976875
1345 1345 0
1346 1346 2448.159075
1347 1347 0
1348 1348 2448.159075
1349 1349 0
1350 1350 612.03976875
1351 1351 0
1352 1352 1836.11930625
1353 1353 0
1354 1354 7344.477225000001
1355 1355 0
1356 1356 7344.477225000001
1357 1357 0
1358 1358 5508.35791875
1359 1359 0
1360 1360 6732.43745625
1361 1361 0
1362 1362 6732.43745625
1363 1363 0
1364 1364 5508.35791875
1365 1365 0
1366 1366 2448.159075
1367 1367 0
1368 1368 2448.159075
1369 1369 0
1370 1370 4284.27838125
1371 1371 0
1372 1372 3060.19884375
1373 1373 0
1374 1374 3060.19884375
1375 1375 0
1376 1376 4284.27838125
1377 1377 0
1378 1378 -10404.67606875
1379 1379 0
1380 1380 -11628.75560625
1381 1381 0
1382 1382 -11628.75560625
1383 1383 0
1384 1384 -10404.67606875
1385 1385 0
1386 1386 -12240.795375
1387 1387 0
1388 1388 -12240.795375
1389 1389 0
1390 1390 -11628.75560625
1391 1391 0
1392 1392 -10404.67606875
1393 1393 0
1394 1394 -12240.795375
1395 1395 0
1396 1396 -12240.795375
1397 1397 0
1398 1398 -10404.67606875
1399 1399 0
1400 1400 -11628.75560625
1401 1401 0
1402 1402 -17137.113525
1403 1403 0
1404 1404 -17137.113525
1405 1405 0
1406 1406 -15300.99421875
1407 1407 0
1408 1408 -16525.07375625
1409 1409 0
1410 1410 -16525.07375625
1411 1411 0
1412 1412 -15300.99421875
1413 1413 0
1414 1414 -12240.795375
1415 1415 0
1416 1416 -12240.795375
1417 1417 0
1418 1418 -14076.91468125
1419 1419 0
1420 1420 -12852.83514375
1421 1421 0
1422 1422 -12852.83514375
1423 1423 0
1424 1424 -14076.91468125
1425 1425 0
1426 1426 -18973.23283125
1427 1427 0
1428 1428 -17749.15329375
1429 1429 0
1430 1430 -17749.15329375
1431 1431 0
1432 1432 -18973.23283125
1433 1433 0
1434 1434 -17137.113525
1435 1435 0
1436 1436 -17137.113525
1437 1437 0
1438 1438 -17749.15329375
1439 1439 0
1440 1440 -18973.23283125
1441 1441 0
1442 1442 -17137.113525
1443 1443 0
1444 1444 -17137.113525
1445 1445 0
1446 1446 -18973.23283125
1447 1447 0
1448 1448 -17749.15329375
1449 1449 0
1450 1450 -12240.795375
1451 1451 0
1452 1452 -12240.795375
1453 1453 0
1454 1454 -14076.91468125
1455 1455 0
1456 1456 -12852.83514375
1457 1457 0
1458 1458 -12852.83514375
1459 1459 0
1460 1460 -14076.91468125
1461 1461 0
1462 1462 -17137.113525
1463 1463 0
1464 1464 -17137.113525
1465 1465 0
1466 1466 -15300.99421875
1467 1467 0
1468 1468 -16525.07375625
1469 1469 0
1470 1470 -16525.07375625
1471 1471 0
1472 1472 -15300.99421875
1473 1473 0
1474 1474 -10404.67606875
1475 1475 0
1476 1476 -11628.75560625
1477 1477 0
1478 1478 -11628.75560625
1479 1479 0
1480 1480 -10404.67606875
1481 1481 0
1482 1482 -12240.795375
1483 1483 0
1484 1484 -12240.795375
1485 1485 0
1486 1486 -11628.75560625
1487 1487 0
1488 1488 -10404.67606875
1489 1489 0
1490 1490 -12240.795375
1491 1491 0
1492 1492 -12240.795375
1493 1493 0
1494 1494 -10404.67606875
1495 1495 0
1496 1496 -11628.75560625
1497 1497 0
1498 1498 -17137.113525
1499 1499 0
1500 1500 -17137.113525
1501 1501 0
1502 1502 -15300.99421875
1503 1503 0
1504 1504 -16525.07375625
1505 1505 0
1506 1506 -16525.07375625
1507 1507 0
1508 1508 -15300.99421875
1509 1509 0
1510 1510 -12240.795375
1511 1511 0
1512 1512 -12240.795375
1513 1513 0
1514 1514 -14076.91468125
1515 1515 0
1516 1516 -12852.83514375
1517 1517 0
1518 1518 -12852.83514375
1519 1519 0
1520 1520 -14076.91468125
1521 1521 0
1522 1522 -18973.23283125
1523 1523 0
1524 1524 -17749.15329375
1525 1525 0
1526 1526 -17749.15329375
1527 1527 0
1528 1528 -18973.23283125
1529 1529 0
1530 1530 -17137.113525
1531 1531 0
1532 1532 -17137.113525
1533 1533 0
1534 1534 -17749.15329375
1535 1535 0
1536 1536 -18973.23283125
1537 1537 0
1538 1538 -17137.113525
1539 1539 0
1540 1540 -17137.113525
1541 1541 0
1542 1542 -18973.23283125
1543 1543 0
1544 1544 -17749.15329375
1545 1545 0
1546 1546 -12240.795375
1547 1547 0
1548 1548 -12240.795375
1549 1549 0
1550 1550 -14076.91468125
1551 1551 0
1552 1552 -12852.83514375
1553 1553 0
1554 1554 -12852.83514375
1555 1555 0
1556 1556 -14076.91468125
1557 1557 0
1558 1558 -17137.113525
1559 1559 0
1560 1560 -17137.113525
1561 1561 0
1562 1562 -15300.99421875
1563 1563 0
1564 1564 -16525.07375625
1565 1565 0
1566 1566 -16525.07375625
1567 1567 0
1568 1568 -15300.99421875
1569 1569 0
1570 1570 -612.03976875
1571 1571 0
1572 1572 -1836.11930625
1573 1573 0
1574 1574 -1836.11930625
1575 1575 0
1576 1576 -612.03976875
1577 1577 0
1578 1578 -2448.159075
1579 1579 0
1580 1580 -2448.159075
1581 1581 0
1582 1582 -1836.11930625
1583 1583 0
1584 1584 -612.03976875
1585 1585 0
1586 1586 -2448.159075
1587 1587 0
1588 1588 -2448.159075
1589 1589 0
1590 1590 -612.03976875
1591 1591 0
1592 1592 -1836.11930625
1593 1593 0
1594 1594 -7344.477225000001
1595 1595 0
1596 1596 -7344.477225000001
1597 1597 0
1598 1598 -5508.35791875
1599 1599 0
1600 1600 -6732.43745625
1601 1601 0
1602 1602 -6732.43745625
1603 1603 0
1604 1604 -5508.35791875
1605 1605 0
1606 1606 -2448.159075
1607 1607 0
1608 1608 -2448.159075
1609 1609 0
1610 1610 -4284.27838125
1611 1611 0
1612 1612 -3060.19884375
1613 1613 0
1614 1614 -3060.19884375
1615 1615 0
1616 1616 -4284.27838125
1617 1617 0
1618 1618 -9180.596531249999
1619 1619 0
1620 1620 -7956.51699375
1621 1621 0
1622 1622 -7956.51699375
1623 1623 0
1624 1624 -9180.596531249999
1625 1625 0
1626 1626 -7344.477225000001
1627 1627 0
1628 1628 -7344.477225000001
1629 1629 0
1630 1630 -7956.51699375
1631 1631 0
1632 1632 -9180.596531249999
1633 1633 0
1634 1634 -7344.477225000001
1635 1635 0
1636 1636 -7344.477225000001
1637 1637 0
1638 1638 -9180.596531249999
1639 1639 0
1640 1640 -7956.51699375
1641 1641 0
1642 1642 -2448.159075
1643 1643 0
1644 1644 -2448.159075
1645 1645 0
1646 1646 -4284.27838125
1647 1647 0
1648 1648 -3060.19884375
1649 1649 0
1650 1650 -3060.19884375
1651 1651 0
1652 1652 -4284.27838125
1653 1653 0
1654 1654 -7344.477225000001
1655 1655 0
1656 1656 -7344.477225000001
1657 1657 0
1658 1658 -5508.35791875
1659 1659 0
1660 1660 -6732.43745625
1661 1661 0
1662 1662 -6732.43745625
1663 1663 0
1664 1664 -5508.35791875
1665 1665 0
1666 1666 -612.03976875
1667 1667 0
1668 1668 -1836.11930625
1669 1669 0
1670 1670 -1836.11930625
1671 1671 0
1672 1672 -612.03976875
1673 1673 0
1674 1674 -2448.159075
1675 1675 0
1676 1676 -2448.159075
1677 1677 0
1678 1678 -1836.11930625
1679 1679 0
1680 1680 -612.03976875
1681 1681 0
1682 1682 -2448.159075
1683 1683 0
1684 1684 -2448.159075
1685 1685 0
1686 1686 -612.03976875
1687 1687 0
1688 1688 -1836.11930625
1689 1689 0
1690 1690 -7344.477225000001
1691 1691 0
1692 1692 -7344.477225000001
1693 1693 0
1694 1694 -5508.35791875
1695 1695 0
1696 1696 -6732.43745625
1697 1697 0
1698 1698 -6732.43745625
1699 1699 0
1700 1700 -5508.35791875
1701 1701 0
1702 1702 -2448.159075
1703 1703 0
1704 1704 -2448.159075
1705 1705 0
1706 1706 -4284.27838125
1707 1707 0
1708 1708 -3060.19884375
1709 1709 0
1710 1710 -3060.19884375
1711 1711 0
1712 1712 -4284.27838125
1713 1713 0
1714 1714 -9180.596531249999
1715 1715 0
1716 1716 -7956.51699375
1717 1717 0
1718 1718 -7956.51699375
1719 1719 0
1720 1720 -9180.596531249999
1721 1721 0
1722 1722 -7344.477225000001
1723 1723 0
1724 1724 -7344.477225000001
1725 1725 0
1726 1726 -7956.51699375
1727 1727 0
1728 1728 -9180.596531249999
1729 1729 0
1730 1730 -7344.477225000001
1731 1731 0
1732 1732 -7344.477225000001
1733 1733 0
1734 1734 -9180.596531249999
1735 1735 0
1736 1736 -7956.51699375
1737 1737 0
1738 1738 -2448.159075
1739 1739 0
1740 1740 -2448.159075
1741 1741 0
1742 1742 -4284.27838125
1743 1743 0
1744 1744 -3060.19884375
1745 1745 0
1746 1746 -3060.19884375
1747 1747 0
1748 1748 -4284.27838125
1749 1749 0
1750 1750 -7344.477225000001
1751 1751 0
1752 1752 -7344.477225000001
1753 1753 0
1754 1754 -5508.35791875
1755 1755 0
1756 1756 -6732.43745625
1757 1757 0
1758 1758 -6732.43745625
1759 1759 0
1760 1760 -5508.35791875
1761 1761 0
1762 1762 9180.596531249999
1763 1763 0
1764 1764 9180.596531249999
1765 1765 0
1766 1766 8568.5567625
1767 1767 0
1768 1768 9180.596531249999
1769 1769 0
1770 1770 8568.5567625
1771 1771 0
1772 1772 9180.596531249999
1773 1773 0
1774 1774 6120.3976875
1775 1775 0
1776 1776 6732.43745625
1777 1777 0
1778 1778 6732.43745625
1779 1779 0
1780 1780 8568.5567625
1781 1781 0
1782 1782 7956.51699375
1783 1783 0
1784 1784 7956.51699375
1785 1785 0
1786 1786 9180.596531249999
1787 1787 0
1788 1788 8568.5567625
1789 1789 0
1790 1790 9180.596531249999
1791 1791 0
1792 1792 6120.3976875
1793 1793 0
1794 1794 6732.43745625
1795 1795 0
1796 1796 6732.43745625
1797 1797 0
1798 1798 9180.596531249999
1799 1799 0
1800 1800 9180.596531249999
1801 1801 0
1802 1802 8568.5567625
1803 1803 0
1804 1804 7956.51699375
1805 1805 0
1806 1806 7956.51699375
1807 1807 0
1808 1808 8568.5567625
1809 1809 0
1810 1810 1224.0795375
1811 1811 0
1812 1812 1836.11930625
1813 1813 0
1814 1814 1836.11930625
1815 1815 0
1816 1816 4284.27838125
1817 1817 0
1818 1818 4284.27838125
1819 1819 0
1820 1820 3672.2386125
1821 1821 0
1822 1822 4284.27838125
1823 1823 0
1824 1824 3672.2386125
1825 1825 0
1826 1826 4284.27838125
1827 1827 0
1828 1828 3060.19884375
1829 1829 0
1830 1830 3672.2386125
1831 1831 0
1832 1832 3060.19884375
1833 1833 0
1834 1834 8568.5567625
1835 1835 0
1836 1836 7956.51699375
1837 1837 0
1838 1838 7956.51699375
1839 1839 0
1840 1840 5508.35791875
1841 1841 0
1842 1842 5508.35791875
1843 1843 0
1844 1844 6120.3976875
1845 1845 0
1846 1846 5508.35791875
1847 1847 0
1848 1848 6120.3976875
1849 1849 0
1850 1850 5508.35791875
1851 1851 0
1852 1852 6732.43745625
1853 1853 0
1854 1854 6120.3976875
1855 1855 0
1856 1856 6732.43745625
1857 1857 0
1858 1858 612.03976875
1859 1859 0
1860 1860 612.03976875
1861 1861 0
1862 1862 1224.0795375
1863 1863 0
1864 1864 612.03976875
1865 1865 0
1866 1866 1224.0795375
1867 1867 0
1868 1868 612.03976875
1869 1869 0
1870 1870 3672.2386125
1871 1871 0
1872 1872 3060.19884375
1873 1873 0
1874 1874 3060.19884375
1875 1875 0
1876 1876 1224.0795375
1877 1877 0
1878 1878 1836.11930625
1879 1879 0
1880 1880 1836.11930625
1881 1881 0
1882 1882 612.03976875
1883 1883 0
1884 1884 1224.0795375
1885 1885 0
1886 1886 612.03976875
1887 1887 0
1888 1888 3672.2386125
1889 1889 0
1890 1890 3060.19884375
1891 1891 0
1892 1892 3060.19884375
1893 1893 0
1894 1894 612.03976875
1895 1895 0
1896 1896 612.03976875
1897 1897 0
1898 1898 1224.0795375
1899 1899 0
1900 1900 1836.11930625
1901 1901 0
1902 1902 1836.11930625
1903 1903 0
1904 1904 1224.0795375
1905 1905 0
1906 1906 8568.5567625
1907 1907 0
1908 1908 7956.51699375
1909 1909 0
1910 1910 7956.51699375
1911 1911 0
1912 1912 5508.35791875
1913 1913 0
1914 1914 5508.35791875
1915 1915 0
1916 1916 6120.3976875
1917 1917 0
1918 1918 5508.35791875
1919 1919 0
1920 1920 6120.3976875
1921 1921 0
1922 1922 5508.35791875
1923 1923 0
1924 1924 6732.43745625
1925 1925 0
1926 1926 6120.3976875
1927 1927 0
1928 1928 6732.43745625
1929 1929 0
1930 1930 1224.0795375
1931 1931 0
1932 1932 1836.11930625
1933 1933 0
1934 1934 1836.11930625
1935 1935 0
1936 1936 4284.27838125
1937 1937 0
1938 1938 4284.27838125
1939 1939 0
1940 1940 3672.2386125
1941 1941 0
1942 1942 4284.27838125
1943 1943 0
1944 1944 3672.2386125
1945 1945 0
1946 1946 4284.27838125
1947 1947 0
1948 1948 3060.19884375
1949 1949 0
1950 1950 3672.2386125
1951 1951 0
1952 1952 3060.19884375
1953 1953 0
1954 1954 9180.596531249999
1955 1955 0
1956 1956 9180.596531249999
1957 1957 0
1958 1958 8568.5567625
1959 1959 0
1960 1960 9180.596531249999
1961 1961 0
1962 1962 8568.5567625
1963 1963 0
1964 1964 9180.596531249999
1965 1965 0
1966 1966 6120.3976875
1967 1967 0
1968 1968 6732.43745625
1969 1969 0
1970 1970 6732.43745625
1971 1971 0
1972 1972 8568.5567625
1973 1973 0
1974 1974 7956.51699375
1975 1975 0
1976 1976 7956.51699375
1977 1977 0
1978 1978 9180.596531249999
1979 1979 0
1980 1980 8568.5567625
1981 1981 0
1982 1982 9180.596531249999
1983 1983 0
1984 1984 6120.3976875
1985 1985 0
1986 1986 6732.43745625
1987 1987 0
1988 1988 6732.43745625
1989 1989 0
1990 1990 9180.596531249999
1991 1991 0
1992 1992 9180.596531249999
1993 1993 0
1994 1994 8568.5567625
1995 1995 0
1996 1996 7956.51699375
1997 1997 0
1998 1998 7956.51699375
1999 1999 0
2000 2000 8568.5567625
2001 2001 0
2002 2002 1224.0795375
2003 2003 0
2004 2004 1836.11930625
2005 2005 0
2006 2006 1836.11930625
2007 2007 0
2008 2008 4284.27838125
2009 2009 0
2010 2010 4284.27838125
2011 2011 0
2012 2012 3672.2386125
2013 2013 0
2014 2014 4284.27838125
2015 2015 0
2016 2016 3672.2386125
2017 2017 0
2018 2018 4284.27838125
2019 2019 0
2020 2020 3060.19884375
2021 2021 0
2022 2022 3672.2386125
2023 2023 0
2024 2024 3060.19884375
2025 2025 0
2026 2026 8568.5567625
2027 2027 0
2028 2028 7956.51699375
2029 2029 0
2030 2030 7956.51699375
2031 2031 0
2032 2032 5508.35791875
2033 2033 0
2034 2034 5508.35791875
2035 2035 0
2036 2036 6120.3976875
2037 2037 0
2038 2038 5508.35791875
2039 2039 0
2040 2040 6120.3976875
2041 2041 0
2042 2042 5508.35791875
2043 2043 0
2044 2044 6732.43745625
2045 2045 0
2046 2046 6120.3976875
2047 2047 0
2048 2048 6732.43745625
2049 2049 0
2050 2050 612.03976875
2051 2051 0
2052 2052 612.03976875
2053 2053 0
2054 2054 1224.0795375
2055 2055 0
2056 2056 612.03976875
2057 2057 0
2058 2058 1224.0795375
2059 2059 0
2060 2060 612.03976875
2061 2061 0
2062 2062 3672.2386125
2063 2063 0
2064 2064 3060.19884375
2065 2065 0
2066 2066 3060.19884375
2067 2067 0
2068 2068 1224.0795375
2069 2069 0
2070 2070 1836.11930625
2071 2071 0
2072 2072 1836.11930625
2073 2073 0
2074 2074 612.03976875
2075 2075 0
2076 2076 1224.0795375
2077 2077 0
2078 2078 612.03976875
2079 2079 0
2080 2080 3672.2386125
2081 2081 0
2082 2082 3060.19884375
2083 2083 0
2084 2084 3060.19884375
2085 2085 0
2086 2086 612.03976875
2087 2087 0
2088 2088 612.03976875
2089 2089 0
2090 2090 1224.0795375
2091 2091 0
2092 2092 1836.11930625
2093 2093 0
2094 2094 1836.11930625
2095 2095 0
2096 2096 1224.0795375
2097 2097 0
2098 2098 8568.5567625
2099 2099 0
2100 2100 7956.51699375
2101 2101 0
2102 2102 7956.51699375
2103 2103 0
2104 2104 5508.35791875
2105 2105 0
2106 2106 5508.35791875
2107 2107 0
2108 2108 6120.3976875
2109 2109 0
2110 2110 5508.35791875
2111 2111 0
2112 2112 6120.3976875
2113 2113 0
2114 2114 5508.35791875
2115 2115 0
2116 2116 6732.43745625
2117 2117 0
2118 2118 6120.3976875
2119 2119 0
2120 2120 6732.43745625
2121 2121 0
2122 2122 1224.0795375
2123 2123 0
2124 2124 1836.11930625
2125 2125 0
2126 2126 1836.11930625
2127 2127 0
2128 2128 4284.27838125
2129 2129 0
2130 2130 4284.27838125
2131 2131 0
2132 2132 3672.2386125
2133 2133 0
2134 2134 4284.27838125
2135 2135 0
2136 2136 3672.2386125
2137 2137 0
2138 2138 4284.27838125
2139 2139 0
2140 2140 3060.19884375
2141 2141 0
2142 2142 3672.2386125
2143 2143 0
2144 2144 3060.19884375
2145 2145 0
2146 2146 -10404.67606875
2147 2147 0
2148 2148 -10404.67606875
2149 2149 0
2150 2150 -11016.7158375
2151 2151 0
2152 2152 -10404.67606875
2153 2153 0
2154 2154 -11016.7158375
2155 2155 0
2156 2156 -10404.67606875
2157 2157 0
2158 2158 -13464.8749125
2159 2159 0
2160 2160 -12852.83514375
2161 2161 0
2162 2162 -12852.83514375
2163 2163 0
2164 2164 -11016.7158375
2165 2165 0
2166 2166 -11628.75560625
2167 2167 0
2168 2168 -11628.75560625
2169 2169 0
2170 2170 -10404.67606875
2171 2171 0
2172 2172 -11016.7158375
2173 2173 0
2174 2174 -10404.67606875
2175 2175 0
2176 2176 -13464.8749125
2177 2177 0
2178 2178 -12852.83514375
2179 2179 0
2180 2180 -12852.83514375
2181 2181 0
2182 2182 -10404.67606875
2183 2183 0
2184 2184 -10404.67606875
2185 2185 0
2186 2186 -11016.7158375
2187 2187 0
2188 2188 -11628.75560625
2189 2189 0
2190 2190 -11628.75560625
2191 2191 0
2192 2192 -11016.7158375
2193 2193 0
2194 2194 -18361.1930625
2195 2195 0
2196 2196 -17749.15329375
2197 2197 0
2198 2198 -17749.15329375
2199 2199 0
2200 2200 -15300.99421875
2201 2201 0
2202 2202 -15300.99421875
2203 2203 0
2204 2204 -15913.0339875
2205 2205 0
2206 2206 -15300.99421875
2207 2207 0
2208 2208 -15913.0339875
2209 2209 0
2210 2210 -15300.99421875
2211 2211 0
2212 2212 -16525.07375625
2213 2213 0
2214 2214 -15913.0339875
2215 2215 0
2216 2216 -16525.07375625
2217 2217 0
2218 2218 -11016.7158375
2219 2219 0
2220 2220 -11628.75560625
2221 2221 0
2222 2222 -11628.75560625
2223 2223 0
2224 2224 -14076.91468125
2225 2225 0
2226 2226 -14076.91468125
2227 2227 0
2228 2228 -13464.8749125
2229 2229 0
2230 2230 -14076.91468125
2231 2231 0
2232 2232 -13464.8749125
2233 2233 0
2234 2234 -14076.91468125
2235 2235 0
2236 2236 -12852.83514375
2237 2237 0
2238 2238 -13464.8749125
2239 2239 0
2240 2240 -12852.83514375
2241 2241 0
2242 2242 -18973.23283125
2243 2243 0
2244 2244 -18973.23283125
2245 2245 0
2246 2246 -18361.1930625
2247 2247 0
2248 2248 -18973.23283125
2249 2249 0
2250 2250 -18361.1930625
2251 2251 0
2252 2252 -18973.23283125
2253 2253 0
2254 2254 -15913.0339875
2255 2255 0
2256 2256 -16525.07375625
2257 2257 0
2258 2258 -16525.07375625
2259 2259 0
2260 2260 -18361.1930625
2261 2261 0
2262 2262 -17749.15329375
2263 2263 0
2264 2264 -17749.15329375
2265 2265 0
2266 2266 -18973.23283125
2267 2267 0
2268 2268 -18361.1930625
2269 2269 0
2270 2270 -18973.23283125
2271 2271 0
2272 2272 -15913.0339875
2273 2273 0
2274 2274 -16525.07375625
2275 2275 0
2276 2276 -16525.07375625
2277 2277 0
2278 2278 -18973.23283125
2279 2279 0
2280 2280 -18973.23283125
2281 2281 0
2282 2282 -18361.1930625
2283 2283 0
2284 2284 -17749.15329375
2285 2285 0
2286 2286 -17749.15329375
2287 2287 0
2288 2288 -18361.1930625
2289 2289 0
2290 2290 -11016.7158375
2291 2291 0
2292 2292 -11628.75560625
2293 2293 0
2294 2294 -11628.75560625
2295 2295 0
2296 2296 -14076.91468125
2297 2297 0
2298 2298 -14076.91468125
2299 2299 0
2300 2300 -13464.8749125
2301 2301 0
2302 2302 -14076.91468125
2303 2303 0
2304 2304 -13464.8749125
2305 2305 0
2306 2306 -14076.91468125
2307 2307 0
2308 2308 -12852.83514375
2309 2309 0
2310 2310 -13464.8749125
2311 2311 0
2312 2312 -12852.83514375
2313 2313 0
2314 2314 -18361.1930625
2315 2315 0
2316 2316 -17749.15329375
2317 2317 0
2318 2318 -17749.15329375
2319 2319 0
2320 2320 -15300.99421875
2321 2321 0
2322 2322 -15300.99421875
2323 2323 0
2324 2324 -15913.0339875
2325 2325 0
2326 2326 -15300.99421875
2327 2327 0
2328 2328 -15913.0339875
2329 2329 0
2330 2330 -15300.99421875
2331 2331 0
2332 2332 -16525.07375625
2333 2333 0
2334 2334 -15913.0339875
2335 2335 0
2336 2336 -16525.07375625
2337 2337 0
2338 2338 -10404.67606875
2339 2339 0
2340 2340 -10404.67606875
2341 2341 0
2342 2342 -11016.7158375
2343 2343 0
2344 2344 -10404.67606875
2345 2345 0
2346 2346 -11016.7158375
2347 2347 0
2348 2348 -10404.67606875
2349 2349 0
2350 2350 -13464.8749125
2351 2351 0
2352 2352 -12852.83514375
2353 2353 0
2354 2354 -12852.83514375
2355 2355 0
2356 2356 -11016.7158375
2357 2357 0
2358 2358 -11628.75560625
2359 2359 0
2360 2360 -11628.75560625
2361 2361 0
2362 2362 -10404.67606875
2363 2363 0
2364 2364 -11016.7158375
2365 2365 0
2366 2366 -10404.67606875
2367 2367 0
2368 2368 -13464.8749125
2369 2369 0
2370 2370 -12852.83514375
2371 2371 0
2372 2372 -12852.83514375
2373 2373 0
2374 2374 -10404.67606875
2375 2375 0
2376 2376 -10404.67606875
2377 2377 0
2378 2378 -11016.7158375
2379 2379 0
2380 2380 -11628.75560625
2381 2381 0
2382 2382 -11628.75560625
2383 2383 0
2384 2384 -11016.7158375
2385 2385 0
2386 2386 -18361.1930625
2387 2387 0
2388 2388 -17749.15329375
2389 2389 0
2390 2390 -17749.15329375
2391 2391 0
2392 2392 -15300.99421875
2393 2393 0
2394 2394 -15300.99421875
2395 2395 0
2396 2396 -15913.0339875
2397 2397 0
2398 2398 -15300.99421875
2399 2399 0
2400 2400 -15913.0339875
2401 2401 0
2402 2402 -15300.99421875
2403 2403 0
2404 2404 -16525.07375625
2405 2405 0
2406 2406 -15913.0339875
2407 2407 0
2408 2408 -16525.07375625
2409 2409 0
2410 2410 -11016.7158375
2411 2411 0
2412 2412 -11628.75560625
2413 2413 0
2414 2414 -11628.75560625
2415 2415 0
2416 2416 -14076.91468125
2417 2417 0
2418 2418 -14076.91468125
2419 2419 0
2420 2420 -13464.8749125
2421 2421 0
2422 2422 -14076.91468125
2423 2423 0
2424 2424 -13464.8749125
2425 2425 0
2426 2426 -14076.91468125
2427 2427 0
2428 2428 -12852.83514375
2429 2429 0
2430 2430 -13464.8749125
2431 2431 0
2432 2432 -12852.83514375
2433 2433 0
2434 2434 -18973.23283125
2435 2435 0
2436 2436 -18973.23283125
2437 2437 0
2438 2438 -18361.1930625
2439 2439 0
2440 2440 -18973.23283125
2441 2441 0
2442 2442 -18361.1930625
2443 2443 0
2444 2444 -18973.23283125
2445 2445 0
2446 2446 -15913.0339875
2447 2447 0
2448 2448 -16525.07375625
2449 2449 0
2450 2450 -16525.07375625
2451 2451 0
2452 2452 -18361.1930625
2453 2453 0
2454 2454 -17749.15329375
2455 2455 0
2456 2456 -17749.15329375
2457 2457 0
2458 2458 -18973.23283125
2459 2459 0
2460 2460 -18361.1930625
2461 2461 0
2462 2462 -18973.23283125
2463 2463 0
2464 2464 -15913.0339875
2465 2465 0
2466 2466 -16525.07375625
2467 2467 0
2468 2468 -16525.07375625
2469 2469 0
2470 2470 -18973.23283125
2471 2471 0
2472 2472 -18973.23283125
2473 2473 0
2474 2474 -18361.1930625
2475 2475 0
2476 2476 -17749.15329375
2477 2477 0
2478 2478 -17749.15329375
2479 2479 0
2480 2480 -18361.1930625
2481 2481 0
2482 2482 -11016.7158375
2483 2483 0
2484 2484 -11628.75560625
2485 2485 0
2486 2486 -11628.75560625
2487 2487 0
2488 2488 -14076.91468125
2489 2489 0
2490 2490 -14076.91468125
2491 2491 0
2492 2492 -13464.8749125
2493 2493 0
2494 2494 -14076.91468125
2495 2495 0
2496 2496 -13464.8749125
2497 2497 0
2498 2498 -14076.91468125
2499 2499 0
2500 2500 -12852.83514375
2501 2501 0
2502 2502 -13464.8749125
2503 2503 0
2504 2504 -12852.83514375
2505 2505 0
2506 2506 -18361.1930625
2507 2507 0
2508 2508 -17749.15329375
2509 2509 0
2510 2510 -17749.15329375
2511 2511 0
2512 2512 -15300.99421875
2513 2513 0
2514 2514 -15300.99421875
2515 2515 0
2516 2516 -15913.0339875
2517 2517 0
2518 2518 -15300.99421875
2519 2519 0
2520 2520 -15913.0339875
2521 2521 0
2522 2522 -15300.99421875
2523 2523 0
2524 2524 -16525.07375625
2525 2525 0
2526 2526 -15913.0339875
2527 2527 0
2528 2528 -16525.07375625
2529 2529 0
2530 2530 -612.03976875
2531 2531 0
2532 2532 -612.03976875
2533 2533 0
2534 2534 -1224.0795375
2535 2535 0
2536 2536 -612.03976875
2537 2537 0
2538 2538 -1224.0795375
2539 2539 0
2540 2540 -612.03976875
2541 2541 0
2542 2542 -3672.2386125
2543 2543 0
2544 2544 -3060.19884375
2545 2545 0
2546 2546 -3060.19884375
2547 2547 0
2548 2548 -1224.0795375
2549 2549 0
2550 2550 -1836.11930625
2551 2551 0
2552 2552 -1836.11930625
2553 2553 0
2554 2554 -612.03976875
2555 2555 0
2556 2556 -1224.0795375
2557 2557 0
2558 2558 -612.03976875
2559 2559 0
2560 2560 -3672.2386125
2561 2561 0
2562 2562 -3060.19884375
2563 2563 0
2564 2564 -3060.19884375
2565 2565 0
2566 2566 -612.03976875
2567 2567 0
2568 2568 -612.03976875
2569 2569 0
2570 2570 -1224.0795375
2571 2571 0
2572 2572 -1836.11930625
2573 2573 0
2574 2574 -1836.11930625
2575 2575 0
2576 2576 -1224.0795375
2577 2577 0
2578 2578 -8568.5567625
2579 2579 0
2580 2580 -7956.51699375
2581 2581 0
2582 2582 -7956.51699375
2583 2583 0
2584 2584 -5508.35791875
2585 2585 0
2586 2586 -5508.35791875
2587 2587 0
2588 2588 -6120.3976875
2589 2589 0
2590 2590 -5508.35791875
2591 2591 0
2592 2592 -6120.3976875
2593 2593 0
2594 2594 -5508.35791875
2595 2595 0
2596 2596 -6732.43745625
2597 2597 0
2598 2598 -6120.3976875
2599 2599 0
2600 2600 -6732.43745625
2601 2601 0
2602 2602 -1224.0795375
2603 2603 0
2604 2604 -1836.11930625
2605 2605 0
2606 2606 -1836.11930625
2607 2607 0
2608 2608 -4284.27838125
2609 2609 0
2610 2610 -4284.27838125
2611 2611 0
2612 2612 -3672.2386125
2613 2613 0
2614 2614 -4284.27838125
2615 2615 0
2616 2616 -3672.2386125
2617 2617 0
2618 2618 -4284.27838125
2619 2619 0
2620 2620 -3060.19884375
2621 2621 0
2622 2622 -3672.2386125
2623 2623 0
2624 2624 -3060.19884375
2625 2625 0
2626 2626 -9180.596531249999
2627 2627 0
2628 2628 -9180.596531249999
2629 2629 0
2630 2630 -8568.5567625
2631 2631 0
2632 2632 -9180.596531249999
2633 2633 0
2634 2634 -8568.5567625
2635 2635 0
2636 2636 -9180.596531249999
2637 2637 0
2638 2638 -6120.3976875
2639 2639 0
2640 2640 -6732.43745625
2641 2641 0
2642 2642 -6732.43745625
2643 2643 0
2644 2644 -8568.5567625
2645 2645 0
2646 2646 -7956.51699375
2647 2647 0
2648 2648 -7956.51699375
2649 2649 0
2650 2650 -9180.596531249999
2651 2651 0
2652 2652 -8568.5567625
2653 2653 0
2654 2654 -9180.596531249999
2655 2655 0
2656 2656 -6120.3976875
2657 2657 0
2658 2658 -6732.43745625
2659 2659 0
2660 2660 -6732.43745625
2661 2661 0
2662 2662 -9180.596531249999
2663 2663 0
2664 2664 -9180.596531249999
2665 2665 0
2666 2666 -8568.5567625
2667 2667 0
2668 2668 -7956.51699375
2669 2669 0
2670 2670 -7956.51699375
2671 2671 0
2672 2672 -8568.5567625
2673 2673 0
2674 2674 -1224.0795375
2675 2675 0
2676 2676 -1836.11930625
2677 2677 0
2678 2678 -1836.11930625
2679 2679 0
2680 2680 -4284.27838125
2681 2681 0
2682 2682 -4284.27838125
2683 2683 0
2684 2684 -3672.2386125
2685 2685 0
2686 2686 -4284.27838125
2687 2687 0
2688 2688 -3672.2386125
2689 2689 0
2690 2690 -4284.27838125
2691 2691 0
2692 2692 -3060.19884375
2693 2693 0
2694 2694 -3672.2386125
2695 2695 0
2696 2696 -3060.19884375
2697 2697 0
2698 2698 -8568.5567625
2699 2699 0
2700 2700 -7956.51699375
2701 2701 0
2702 2702 -7956.51699375
2703 2703 0
2704 2704 -5508.35791875
2705 2705 0
2706 2706 -5508.35791875
2707 2707 0
2708 2708 -6120.3976875
2709 2709 0
2710 2710 -5508.35791875
2711 2711 0
2712 2712 -6120.3976875
2713 2713 0
2714 2714 -5508.35791875
2715 2715 0
2716 2716 -6732.43745625
2717 2717 0
2718 2718 -6120.3976875
2719 2719 0
2720 2720 -6732.43745625
2721 2721 0
2722 2722 -612.03976875
2723 2723 0
2724 2724 -612.03976875
2725 2725 0
2726 2726 -1224.0795375
2727 2727 0
2728 2728 -612.03976875
2729 2729 0
2730 2730 -1224.0795375
2731 2731 0
2732 2732 -612.03976875
2733 2733 0
2734 2734 -3672.2386125
2735 2735 0
2736 2736 -3060.19884375
2737 2737 0
2738 2738 -3060.19884375
2739 2739 0
2740 2740 -1224.0795375
2741 2741 0
2742 2742 -1836.11930625
2743 2743 0
2744 2744 -1836.11930625
2745 2745 0
2746 2746 -612.03976875
2747 2747 0
2748 2748 -1224.0795375
2749 2749 0
2750 2750 -612.03976875
2751 2751 0
2752 2752 -3672.2386125
2753 2753 0
2754 2754 -3060.19884375
2755 2755 0
2756 2756 -3060.19884375
2757 2757 0
2758 2758 -612.03976875
2759 2759 0
2760 2760 -612.03976875
2761 2761 0
2762 2762 -1224.0795375
2763 2763 0
2764 2764 -1836.11930625
2765 2765 0
2766 2766 -1836.11930625
2767 2767 0
2768 2768 -1224.0795375
2769 2769 0
2770 2770 -8568.5567625
2771 2771 0
2772 2772 -7956.51699375
2773 2773 0
2774 2774 -7956.51699375
2775 2775 0
2776 2776 -5508.35791875
2777 2777 0
2778 2778 -5508.35791875
2779 2779 0
2780 2780 -6120.3976875
2781 2781 0
2782 2782 -5508.35791875
2783 2783 0
2784 2784 -6120.3976875
2785 2785 0
2786 2786 -5508.35791875
2787 2787 0
2788 2788 -6732.43745625
2789 2789 0
2790 2790 -6120.3976875
2791 2791 0
2792 2792 -6732.43745625
2793 2793 0
2794 2794 -1224.0795375
2795 2795 0
2796 2796 -1836.11930625
2797 2797 0
2798 2798 -1836.11930625
2799 2799 0
2800 2800 -4284.27838125
2801 2801 0
2802 2802 -4284.27838125
2803 2803 0
2804 2804 -3672.2386125
2805 2805 0
2806 2806 -4284.27838125
2807 2807 0
2808 2808 -3672.2386125
2809 2809 0
2810 2810 -4284.27838125
2811 2811 0
2812 2812 -3060.19884375
2813 2813 0
2814 2814 -3672.2386125
2815 2815 0
2816 2816 -3060.19884375
2817 2817 0
2818 2818 -9180.596531249999
2819 2819 0
2820 2820 -9180.596531249999
2821 2821 0
2822 2822 -8568.5567625
2823 2823 0
2824 2824 -9180.596531249999
2825 2825 0
2826 2826 -8568.5567625
2827 2827 0
2828 2828 -9180.596531249999
2829 2829 0
2830 2830 -6120.3976875
2831 2831 0
2832 2832 -6732.43745625
2833 2833 0
2834 2834 -6732.43745625
2835 2835 0
2836 2836 -8568.5567625
2837 2837 0
2838 2838 -7956.51699375
2839 2839 0
2840 2840 -7956.51699375
2841 2841 0
2842 2842 -9180.596531249999
2843 2843 0
2844 2844 -8568.5567625
2845 2845 0
2846 2846 -9180.596531249999
2847 2847 0
2848 2848 -6120.3976875
2849 2849 0
2850 2850 -6732.43745625
2851 2851 0
2852 2852 -6732.43745625
2853 2853 0
2854 2854 -9180.596531249999
2855 2855 0
2856 2856 -9180.596531249999
2857 2857 0
2858 2858 -8568.5567625
2859 2859 0
2860 2860 -7956.51699375
2861 2861 0
2862 2862 -7956.51699375
2863 2863 0
2864 2864 -8568.5567625
2865 2865 0
2866 2866 -1224.0795375
2867 2867 0
2868 2868 -1836.11930625
2869 2869 0
2870 2870 -1836.11930625
2871 2871 0
2872 2872 -4284.27838125
2873 2873 0
2874 2874 -4284.27838125
2875 2875 0
2876 2876 -3672.2386125
2877 2877 0
2878 2878 -4284.27838125
2879 2879 0
2880 2880 -3672.2386125
2881 2881 0
2882 2882 -4284.27838125
2883 2883 0
2884 2884 -3060.19884375
2885 2885 0
2886 2886 -3672.2386125
2887 2887 0
2888 2888 -3060.19884375
2889 2889 0
2890 2890 -8568.5567625
2891 2891 0
2892 2892 -7956.51699375
2893 2893 0
2894 2894 -7956.51699375
2895 2895 0
2896 2896 -5508.35791875
2897 2897 0
2898 2898 -5508.35791875
2899 2899 0
2900 2900 -6120.3976875
2901 2901 0
2902 2902 -5508.35791875
2903 2903 0
2904 2904 -6120.3976875
2905 2905 0
2906 2906 -5508.35791875
2907 2907 0
2908 2908 -6732.43745625
2909 2909 0
2910 2910 -6120.3976875
2911 2911 0
2912 2912 -6732.43745625
2913 2913 0
2914 2914 23187.9951
2915 2915 1
2916 2916 23187.9951
2917 2917 1
2918 2918 23187.9951
2919 2919 1
2920 2920 23187.9951
2921 2921 1
2922 2922 23187.9951
2923 2923 1
2924 2924 23187.9951
2925 2925 1
2926 2926 23187.9951
2927 2927 1
2928 2928 23187.9951
2929 2929 1
2930 2930 23187.9951
2931 2931 1
2932 2932 23187.9951
2933 2933 1
2934 2934 23187.9951
2935 2935 1
2936 2936 23187.9951
2937 2937 1
2938 2938 23187.9951
2939 2939 1
2940 2940 23187.9951
2941 2941 1
2942 2942 23187.9951
2943 2943 1
2944 2944 23187.9951
2945 2945 1
2946 2946 23187.9951
2947 2947 1
2948 2948 9792.6363
2949 2949 0
2950 2950 0
2951 2951 0
2952 2952 4896.31815
2953 2953 0
2954 2954 2448.159075
2955 2955 0
2956 2956 7344.477225000001
2957 2957 0
2958 2958 1224.0795375
2959 2959 0
2960 2960 3672.2386125
2961 2961 0
2962 2962 6120.3976875
2963 2963 0
2964 2964 8568.5567625
2965 2965 0
2966 2966 612.03976875
2967 2967 0
2968 2968 1836.11930625
2969 2969 0
2970 2970 3060.19884375
2971 2971 0
2972 2972 4284.27838125
2973 2973 0
2974 2974 5508.35791875
2975 2975 0
2976 2976 6732.43745625
2977 2977 0
2978 2978 7956.51699375
2979 2979 0
2980 2980 9180.596531249999
2981 2981 0
2982 2982 0
2983 2983 0
2984 2984 9792.6363
2985 2985 0
2986 2986 9792.6363
2987 2987 0
2988 2988 -9792.6363
2989 2989 0
2990 2990 -19585.2726
2991 2991 0
2992 2992 -9792.6363
2993 2993 0
2994 2994 4896.31815
2995 2995 0
2996 2996 9792.6363
2997 2997 0
2998 2998 9792.6363
2999 2999 0
3000 3000 -19585.2726
3001 3001 0
3002 3002 -14688.95445
3003 3003 0
3004 3004 -14688.95445
3005 3005 0
3006 3006 -4896.31815
3007 3007 0
3008 3008 -4896.31815
3009 3009 0
3010 3010 7344.477225000001
3011 3011 0
3012 3012 2448.159075
3013 3013 0
3014 3014 9792.6363
3015 3015 0
3016 3016 9792.6363
3017 3017 0
3018 3018 9792.6363
3019 3019 0
3020 3020 9792.6363
3021 3021 0
3022 3022 -19585.2726
3023 3023 0
3024 3024 -19585.2726
3025 3025 0
3026 3026 -17137.113525
3027 3027 0
3028 3028 -12240.795375
3029 3029 0
3030 3030 -12240.795375
3031 3031 0
3032 3032 -17137.113525
3033 3033 0
3034 3034 -2448.159075
3035 3035 0
3036 3036 -7344.477225000001
3037 3037 0
3038 3038 -7344.477225000001
3039 3039 0
3040 3040 -2448.159075
3041 3041 0
3042 3042 8568.5567625
3043 3043 0
3044 3044 6120.3976875
3045 3045 0
3046 3046 3672.2386125
3047 3047 0
3048 3048 1224.0795375
3049 3049 0
3050 3050 9792.6363
3051 3051 0
3052 3052 9792.6363
3053 3053 0
3054 3054 9792.6363
3055 3055 0
3056 3056 9792.6363
3057 3057 0
3058 3058 9792.6363
3059 3059 0
3060 3060 9792.6363
3061 3061 0
3062 3062 9792.6363
3063 3063 0
3064 3064 9792.6363
3065 3065 0
3066 3066 -19585.2726
3067 3067 0
3068 3068 -19585.2726
3069 3069 0
3070 3070 -19585.2726
3071 3071 0
3072 3072 -19585.2726
3073 3073 0
3074 3074 -18361.1930625
3075 3075 0
3076 3076 -15913.0339875
3077 3077 0
3078 3078 -13464.8749125
3079 3079 0
3080 3080 -11016.7158375
3081 3081 0
3082 3082 -11016.7158375
3083 3083 0
3084 3084 -13464.8749125
3085 3085 0
3086 3086 -15913.0339875
3087 3087 0
3088 3088 -18361.1930625
3089 3089 0
3090 3090 -1224.0795375
3091 3091 0
3092 3092 -3672.2386125
3093 3093 0
3094 3094 -6120.3976875
3095 3095 0
3096 3096 -8568.5567625
3097 3097 0
3098 3098 -8568.5567625
3099 3099 0
3100 3100 -6120.3976875
3101 3101 0
3102 3102 -3672.2386125
3103 3103 0
3104 3104 -1224.0795375
3105 3105 0
3106 3106 9180.596531249999
3107 3107 0
3108 3108 7956.51699375
3109 3109 0
3110 3110 6732.43745625
3111 3111 0
3112 3112 5508.35791875
3113 3113 0
3114 3114 4284.27838125
3115 3115 0
3116 3116 3060.19884375
3117 3117 0
3118 3118 1836.11930625
3119 3119 0
3120 3120 612.03976875
3121 3121 0
3122 3122 9792.6363
3123 3123 0
3124 3124 9792.6363
3125 3125 0
3126 3126 9792.6363
3127 3127 0
3128 3128 9792.6363
3129 3129 0
3130 3130 9792.6363
3131 3131 0
3132 3132 9792.6363
3133 3133 0
3134 3134 9792.6363
3135 3135 0
3136 3136 9792.6363
3137 3137 0
3138 3138 9792.6363
3139 3139 0
3140 3140 9792.6363
3141 3141 0
3142 3142 9792.6363
3143 3143 0
3144 3144 9792.6363
3145 3145 0
3146 3146 9792.6363
3147 3147 0
3148 3148 9792.6363
3149 3149 0
3150 3150 9792.6363
3151 3151 0
3152 3152 9792.6363
3153 3153 0
3154 3154 -19585.2726
3155 3155 0
3156 3156 -19585.2726
3157 3157 0
3158 3158 -19585.2726
3159 3159 0
3160 3160 -19585.2726
3161 3161 0
3162 3162 -19585.2726
3163 3163 0
3164 3164 -19585.2726
3165 3165 0
3166 3166 -19585.2726
3167 3167 0
3168 3168 -19585.2726
3169 3169 0
3170 3170 -18973.23283125
3171 3171 0
3172 3172 -17749.15329375
3173 3173 0
3174 3174 -16525.07375625
3175 3175 0
3176 3176 -15300.99421875
3177 3177 0
3178 3178 -14076.91468125
3179 3179 0
3180 3180 -12852.83514375
3181 3181 0
3182 3182 -11628.75560625
3183 3183 0
3184 3184 -10404.67606875
3185 3185 0
3186 3186 -10404.67606875
3187 3187 0
3188 3188 -11628.75560625
3189 3189 0
3190 3190 -12852.83514375
3191 3191 0
3192 3192 -14076.91468125
3193 3193 0
3194 3194 -15300.99421875
3195 3195 0
3196 3196 -16525.07375625
3197 3197 0
3198 3198 -17749.15329375
3199 3199 0
3200 3200 -18973.23283125
3201 3201 0
3202 3202 -612.03976875
3203 3203 0
3204 3204 -1836.11930625
3205 3205 0
3206 3206 -3060.19884375
3207 3207 0
3208 3208 -4284.27838125
3209 3209 0
3210 3210 -5508.35791875
3211 3211 0
3212 3212 -6732.43745625
3213 3213 0
3214 3214 -7956.51699375
3215 3215 0
3216 3216 -9180.596531249999
3217 3217 0
3218 3218 -9180.596531249999
3219 3219 0
3220 3220 -7956.51699375
3221 3221 0
3222 3222 -6732.43745625
3223 3223 0
3224 3224 -5508.35791875
3225 3225 0
3226 3226 -4284.27838125
3227 3227 0
3228 3228 -3060.19884375
3229 3229 0
3230 3230 -1836.11930625
3231 3231 0
3232 3232 -612.03976875
3233 3233 0
