1
2
598
10 0
10 0
11 0
11 0
10.5 0
10.5 0
11.5 0
11.5 0
4.80129 0.00129195
4.80129 0.00129195
5.475 5.85
5.475 5.85
5.25 3.9
5.25 3.9
5.025 1.95
5.025 1.95
5.5875 6.825
5.5875 6.825
5.025 2.925
5.025 2.925
5.02629 0.976292
5.02629 0.976292
5.5875 6.3375
5.5875 6.3375
5.7 7.3125
5.7 7.3125
5.475 4.875
5.475 4.875
4.20065 0.000645976
4.20065 0.000645976
5.40194 0.00193793
5.40194 0.00193793
5.2125 5.85
5.2125 5.85
5.7375 5.85
5.7375 5.85
4.875 3.9
4.875 3.9
5.625 3.9
5.625 3.9
4.5375 1.95
4.5375 1.95
5.5125 1.95
5.5125 1.95
5.38125 6.825
5.38125 6.825
5.79375 6.825
5.79375 6.825
5.5125 3.4125
5.5125 3.4125
4.5375 2.4375
4.5375 2.4375
4.53815 1.46315
4.53815 1.46315
5.51444 0.489438
5.51444 0.489438
5.38125 6.58125
5.38125 6.58125
5.79375 6.09375
5.79375 6.09375
5.85 7.06875
5.85 7.06875
5.55 7.55625
5.55 7.55625
5.2125 5.3625
5.2125 5.3625
5.7375 4.3875
5.7375 4.3875
5.025 2.4375
5.025 2.4375
5.5125 2.4375
5.5125 2.4375
5.5125 2.925
5.5125 2.925
5.1375 3.4125
5.1375 3.4125
4.7625 3.4125
4.7625 3.4125
4.65 2.925
4.65 2.925
5.51379 0.976292
5.51379 0.976292
5.51315 1.46315
5.51315 1.46315
5.02565 1.46315
5.02565 1.46315
4.42565 0.975646
4.42565 0.975646
4.31315 0.488146
4.31315 0.488146
4.91379 0.488792
4.91379 0.488792
5.79375 6.3375
5.79375 6.3375
5.79375 6.58125
5.79375 6.58125
5.5875 6.58125
5.5875 6.58125
5.325 6.3375
5.325 6.3375
5.26875 6.09375
5.26875 6.09375
5.53125 6.09375
5.53125 6.09375
5.49375 7.3125
5.49375 7.3125
5.4375 7.06875
5.4375 7.06875
5.64375 7.06875
5.64375 7.06875
5.85 7.3125
5.85 7.3125
5.85 7.55625
5.85 7.55625
5.7 7.55625
5.7 7.55625
5.7375 4.875
5.7375 4.875
5.7375 5.3625
5.7375 5.3625
5.475 5.3625
5.475 5.3625
5.1 4.875
5.1 4.875
4.9875 4.3875
4.9875 4.3875
5.3625 4.3875
5.3625 4.3875
3.6 0
3.6 0
4.5 3.9
4.5 3.9
4.95 5.85
4.95 5.85
4.05 1.95
4.05 1.95
1.8 0
1.8 0
5.175 6.825
5.175 6.825
4.725 4.875
4.725 4.875
4.275 2.925
4.275 2.925
3.825 0.975
3.825 0.975
0.9 0
0.9 0
2.7 0
2.7 0
4.5 5.85
4.5 5.85
3.6 3.89808
3.6 3.89808
2.7 1.95
2.7 1.95
2.925 0.975
2.925 0.975
4.275 4.875
4.275 4.875
3.375 2.92308
3.375 2.92308
1.575 0.975
1.575 0.975
5.2875 7.3125
5.2875 7.3125
5.0625 6.3375
5.0625 6.3375
4.95 6.825
4.95 6.825
4.8375 6.3375
4.8375 6.3375
4.8375 5.3625
4.8375 5.3625
4.6125 4.3875
4.6125 4.3875
4.3875 3.4125
4.3875 3.4125
4.1625 2.4375
4.1625 2.4375
3.9375 1.4625
3.9375 1.4625
3.7125 0.4875
3.7125 0.4875
0.45 0
0.45 0
1.35 0
1.35 0
2.25 0
2.25 0
3.15 0
3.15 0
4.275 5.85
4.275 5.85
4.725 5.85
4.725 5.85
3.15 3.89712
3.15 3.89712
4.05 3.89904
4.05 3.89904
2.025 1.95
2.025 1.95
3.375 1.95
3.375 1.95
2.3625 0.4875
2.3625 0.4875
3.4875 1.4625
3.4875 1.4625
4.1625 5.3625
4.1625 5.3625
4.3875 4.3875
4.3875 4.3875
3.0375 3.40962
3.0375 3.40962
3.7125 2.43654
3.7125 2.43654
1.4625 1.4625
1.4625 1.4625
1.6875 0.4875
1.6875 0.4875
5.34375 7.55625
5.34375 7.55625
5.23125 7.06875
5.23125 7.06875
5.11875 6.58125
5.11875 6.58125
5.00625 6.09375
5.00625 6.09375
4.8375 6.825
4.8375 6.825
5.0625 6.825
5.0625 6.825
4.89375 6.09375
4.89375 6.09375
4.78125 6.58125
4.78125 6.58125
3.2625 0.4875
3.2625 0.4875
3.375 0.975
3.375 0.975
2.8125 0.4875
2.8125 0.4875
3.825 4.87404
3.825 4.87404
3.4875 4.38558
3.4875 4.38558
3.9375 4.38654
3.9375 4.38654
4.6125 5.3625
4.6125 5.3625
4.3875 5.3625
4.3875 5.3625
4.5 4.875
4.5 4.875
2.7 2.92308
2.7 2.92308
2.3625 2.43654
2.3625 2.43654
3.0375 2.43654
3.0375 2.43654
3.9375 3.41154
3.9375 3.41154
3.4875 3.41058
3.4875 3.41058
3.825 2.92404
3.825 2.92404
1.125 0.975
1.125 0.975
0.7875 0.4875
0.7875 0.4875
1.2375 0.4875
1.2375 0.4875
2.8125 1.4625
2.8125 1.4625
2.1375 1.4625
2.1375 1.4625
2.25 0.975
2.25 0.975
5.11875 7.06875
5.11875 7.06875
5.175 7.3125
5.175 7.3125
5.00625 7.06875
5.00625 7.06875
4.95 6.3375
4.95 6.3375
5.00625 6.58125
5.00625 6.58125
4.89375 6.58125
4.89375 6.58125
4.6125 6.3375
4.6125 6.3375
4.44375 6.09375
4.44375 6.09375
4.66875 6.09375
4.66875 6.09375
6.00258 0.0025839
6.00258 0.0025839
8 0
8 0
6 3.9
6 3.9
6 5.85
6 5.85
6 1.95
6 1.95
6 6.825
6 6.825
8.36796 1.95
8.36796 1.95
7.00129 0.00129195
7.00129 0.00129195
9 0
9 0
6 4.875
6 4.875
6 2.925
6 2.925
6.00129 0.976292
6.00129 0.976292
6.75 5.85
6.75 5.85
6.75 4.875
6.75 4.875
7.5 3.9
7.5 3.9
7.5 2.925
7.5 2.925
9.25 0.975
9.25 0.975
10.25 0.975
10.25 0.975
7 0.975
7 0.975
6 7.3125
6 7.3125
6 6.3375
6 6.3375
6.375 6.825
6.375 6.825
6.375 6.3375
6.375 6.3375
7.18398 1.95
7.18398 1.95
9.43398 1.95
9.43398 1.95
8.68398 2.925
8.68398 2.925
8.18398 0.975
8.18398 0.975
6.50194 0.00193793
6.50194 0.00193793
7.50065 0.000645976
7.50065 0.000645976
8.5 0
8.5 0
9.5 0
9.5 0
6 5.3625
6 5.3625
6 4.3875
6 4.3875
6 3.4125
6 3.4125
6 2.4375
6 2.4375
6.00065 1.46315
6.00065 1.46315
6.00194 0.489438
6.00194 0.489438
6.375 5.85
6.375 5.85
7.125 5.85
7.125 5.85
6.375 4.3875
6.375 4.3875
7.125 5.3625
7.125 5.3625
6.75 3.9
6.75 3.9
8.25 3.9
8.25 3.9
6.75 2.4375
6.75 2.4375
8.25 3.4125
8.25 3.4125
8.625 0.4875
8.625 0.4875
9.875 1.4625
9.875 1.4625
10.125 0.4875
10.125 0.4875
10.375 1.4625
10.375 1.4625
6.5 1.4625
6.5 1.4625
7.5 0.4875
7.5 0.4875
6 7.55625
6 7.55625
6 7.06875
6 7.06875
6 6.58125
6 6.58125
6 6.09375
6 6.09375
6.1875 6.825
6.1875 6.825
6.5625 6.825
6.5625 6.825
6.1875 6.09375
6.1875 6.09375
6.5625 6.58125
6.5625 6.58125
6.59199 1.95
6.59199 1.95
7.77597 1.95
7.77597 1.95
8.90097 1.95
8.90097 1.95
9.96699 1.95
9.96699 1.95
8.52597 2.4375
8.52597 2.4375
8.84199 3.4125
8.84199 3.4125
8.27597 1.4625
8.27597 1.4625
8.09199 0.4875
8.09199 0.4875
6.375 4.875
6.375 4.875
6.75 5.3625
6.75 5.3625
6.375 5.3625
6.375 5.3625
7.875 4.3875
7.875 4.3875
7.5 4.875
7.5 4.875
7.125 4.3875
7.125 4.3875
6.75 2.925
6.75 2.925
7.5 3.4125
7.5 3.4125
6.75 3.4125
6.75 3.4125
9.625 0.4875
9.625 0.4875
9.75 0.975
9.75 0.975
9.125 0.4875
9.125 0.4875
11.125 0.4875
11.125 0.4875
10.75 0.975
10.75 0.975
10.625 0.4875
10.625 0.4875
6.50065 0.975646
6.50065 0.975646
6.50129 0.488792
6.50129 0.488792
7.00065 0.488146
7.00065 0.488146
6.375 7.06875
6.375 7.06875
6.1875 7.3125
6.1875 7.3125
6.1875 7.06875
6.1875 7.06875
6.1875 6.3375
6.1875 6.3375
6.375 6.58125
6.375 6.58125
6.1875 6.58125
6.1875 6.58125
6.9375 6.09375
6.9375 6.09375
6.75 6.3375
6.75 6.3375
6.5625 6.09375
6.5625 6.09375
9.21699 2.925
9.21699 2.925
9.05898 2.4375
9.05898 2.4375
9.59199 2.4375
9.59199 2.4375
8.09199 2.925
8.09199 2.925
7.34199 2.4375
7.34199 2.4375
7.93398 2.4375
7.93398 2.4375
7.59199 0.975
7.59199 0.975
7.68398 1.4625
7.68398 1.4625
7.09199 1.4625
7.09199 1.4625
8.71699 0.975
8.71699 0.975
9.34199 1.4625
9.34199 1.4625
8.80898 1.4625
8.80898 1.4625
0 0
0 0
2.7 3.89616
2.7 3.89616
4.05 5.85
4.05 5.85
1.35 1.95
1.35 1.95
3.375 4.87308
3.375 4.87308
2.025 2.92308
2.025 2.92308
0.675 0.975
0.675 0.975
3.7125 5.36154
3.7125 5.36154
3.0375 4.38462
3.0375 4.38462
2.3625 3.40962
2.3625 3.40962
1.6875 2.43654
1.6875 2.43654
1.0125 1.4625
1.0125 1.4625
0.3375 0.4875
0.3375 0.4875
6 7.8
6 7.8
5.4 7.8
5.4 7.8
12 0
12 0
9 3.9
9 3.9
7.5 5.85
7.5 5.85
10.5 1.95
10.5 1.95
6.75 6.825
6.75 6.825
4.725 6.825
4.725 6.825
5.7 7.8
5.7 7.8
8.25 4.875
8.25 4.875
9.75 2.925
9.75 2.925
11.25 0.975
11.25 0.975
6.375 7.3125
6.375 7.3125
7.125 6.3375
7.125 6.3375
5.0625 7.3125
5.0625 7.3125
4.3875 6.3375
4.3875 6.3375
5.85 7.8
5.85 7.8
5.55 7.8
5.55 7.8
8.625 4.3875
8.625 4.3875
7.875 5.3625
7.875 5.3625
10.125 2.4375
10.125 2.4375
9.375 3.4125
9.375 3.4125
11.625 0.4875
11.625 0.4875
10.875 1.4625
10.875 1.4625
6.5625 7.06875
6.5625 7.06875
6.1875 7.55625
6.1875 7.55625
7.3125 6.09375
7.3125 6.09375
6.9375 6.58125
6.9375 6.58125
5.23125 7.55625
5.23125 7.55625
4.89375 7.06875
4.89375 7.06875
4.55625 6.58125
4.55625 6.58125
4.21875 6.09375
4.21875 6.09375
1
0 0 0
1 1 0
2 2 0
3 3 0
4 4 0
5 5 0
6 6 0
7 7 0
8 8 47964614502063.27
9 9 -15.20886045032152
10 10 24371190026952.8
11 11 -68866.19999999998
12 12 34729586471029.14
13 13 -45910.80000000154
14 14 46243888778567.83
15 15 -22955.40000000289
16 16 26341581462108.95
17 17 -80343.89999999983
18 18 42511065850725.83
19 19 -34433.10000000273
20 20 46815300986837.59
21 21 -11492.90885932682
22 22 25251500193620.88
23 23 -74605.04999999986
24 24 28049763912555
25 25 -86082.74999999984
26 26 27812710608896.1
27 27 -57388.50000000052
28 28 51159172979761.79
29 29 -7.604430413874688
30 30 44192093441197.19
31 31 -22.8132894132053
32 32 22606942712033.1
33 33 -68866.19999999998
34 34 25727991113079.95
35 35 -68866.19999999997
36 36 33960982486814.77
37 37 -45910.80000000185
38 38 34692464115194.96
39 39 -45910.80000000119
40 40 48373704600154.73
41 41 -22955.40000000435
42 42 43623554252320.42
43 43 -22955.40000000152
44 44 25670582710921.28
45 45 -80343.89999999982
46 46 26965403137418.13
47 47 -80343.89999999983
48 48 38135669552172.58
49 49 -40171.95000000166
50 50 46517549176691.41
51 51 -28694.25000000429
52 52 49345760153731.48
53 53 -17224.15442966764
54 54 43417482870901
55 55 -5761.663288975645
56 56 24887873040577.66
57 57 -77474.47499999982
58 58 25920840983232.88
59 59 -71735.62499999993
60 60 27680917990769.5
61 61 -83213.32499999984
62 62 28656897816462.67
63 63 -88952.17499999983
64 64 23711083479452.21
65 65 -63127.35000000025
66 66 31474979446978.78
67 67 -51649.65000000076
68 68 45262216789101.12
69 69 -28694.25000000332
70 70 42896953801507.92
71 71 -28694.25000000262
72 72 40962691629643.62
73 73 -34433.10000000214
74 74 38875370507574.31
75 75 -40171.95000000227
76 76 38728641811706.41
77 77 -40171.95000000265
78 78 43155991946794.87
79 79 -34433.10000000351
80 80 43762575991190.2
81 81 -11492.90885932801
82 82 43839518938247.54
83 83 -17224.15442966288
84 84 47062329807826.79
85 85 -17224.1544296651
86 86 50198575877642.18
87 87 -11485.30442966693
88 88 50916862110124.2
89 89 -5746.454429707363
90 90 47654485167092.34
91 91 -5754.058859328719
92 92 26117472197132.09
93 93 -74605.04999999986
94 94 26481242099831.58
95 95 -77474.47499999985
96 96 25745585727911.22
97 97 -77474.47499999985
98 98 23952210130279.65
99 99 -74605.04999999983
100 100 23131780498485
101 101 -71735.62499999987
102 102 24704844682215.97
103 103 -71735.62499999988
104 104 27686142937148.2
105 105 -86082.74999999983
106 106 26695937982050.21
107 107 -83213.32499999982
108 108 27209664810761.83
109 109 -83213.32499999982
110 110 28309595429468.2
111 111 -86082.74999999984
112 112 29014218046877.62
113 113 -88952.17499999984
114 114 28848679483434.03
115 115 -88952.17499999984
116 116 28607612641883.43
117 117 -57388.50000000041
118 118 26595104666225.59
119 119 -63127.35000000015
120 120 25280348501608.36
121 121 -63127.35000000017
122 122 25862189859185.56
123 123 -57388.50000000065
124 124 29537697259627.87
125 125 -51649.65000000117
126 126 30739453592237.02
127 127 -51649.65000000096
128 128 53580073137212.02
129 129 -6.086675791937073e-07
130 130 32277706834943.63
131 131 -45910.80000000219
132 132 20271577555588.91
133 133 -68866.19999999997
134 134 50095104749245.89
135 135 -22955.40000000756
136 136 59187425277853.09
137 137 -4.703723123967489e-07
138 138 24971831290049.02
139 139 -80343.89999999979
140 140 22917933123543.16
141 141 -57388.50000000083
142 142 42706806527815.62
143 143 -34433.1000000043
144 144 52808014639800.38
145 145 -11477.70000000354
146 146 59449095831552
147 147 -0.0001322896804806898
148 148 57307536947748.28
149 149 -1.876098118646962e-06
150 150 13984966338092.69
151 151 -68866.19999999984
152 152 22510819874609.36
153 153 -45888.21343130297
154 154 49757549155118.59
155 155 -22955.4000000266
156 156 56570236146064.8
157 157 -11477.7000000333
158 158 17565918188251.85
159 159 -57388.50000000119
160 160 37591348828205.55
161 161 -34410.51343130777
162 162 61953163125504.74
163 163 -11477.69999980016
164 164 27345453100104
165 165 -86082.74999999983
166 166 22413373450285.67
167 167 -74605.04999999977
168 168 24226716192447.15
169 169 -80343.89999999976
170 170 20885153750555.74
171 171 -74605.04999999965
172 172 20292782711647.41
173 173 -63127.35000000031
174 174 27212176107839.59
175 175 -51649.65000000145
176 176 37824089048364.42
177 177 -40171.95000000322
178 178 47080517419173.45
179 179 -28694.25000000591
180 180 52118244412477.71
181 181 -17216.55000000893
182 182 53173293457480.72
183 183 -5738.849999980313
184 184 59168562384896
185 185 0.0001069153096066401
186 186 59705799014400
187 187 -0.0001314650859580331
188 188 58706502826554.62
189 189 -7.072768944691923e-08
190 190 55221972576080.31
191 191 -6.911834009295241e-07
192 192 8691524293453.832
193 193 -68866.19999999968
194 194 17650766144956.75
195 195 -68866.19999999992
196 196 13322446965033.97
197 197 -45876.92014695344
198 198 28671803314674.67
199 199 -45899.50671565253
200 200 44351503172242.09
201 201 -22955.40000007362
202 202 50845533216956.25
203 203 -22955.40000001316
204 204 58455930771749.05
205 205 -5738.850000081553
206 206 53425296289218.86
207 207 -17216.55000001418
208 208 9711646063231.842
209 209 -63127.35000000088
210 210 25264418271335.31
211 211 -51649.6500000017
212 212 21699920879692.25
213 213 -40138.07014695599
214 214 46769859870130.83
215 215 -28682.9567156585
216 216 92210190524823.23
217 217 -17216.55000013126
218 218 59156879624591.3
219 219 -5738.849999902824
220 220 28431551405281.04
221 221 -88952.17499999983
222 222 26194961117283.34
223 223 -83213.32499999981
224 224 23730009864682.95
225 225 -77474.47499999979
226 226 21184843133953.71
227 227 -71735.62499999983
228 228 23870127491987.89
229 229 -80343.89999999972
230 230 24602865064776.34
231 231 -80343.89999999978
232 232 20203675807830.82
233 233 -71735.62499999978
234 234 22100923522589.04
235 235 -77474.47499999964
236 236 54973592810411.65
237 237 -5738.849999927994
238 238 54820680538388.04
239 239 -11477.70000000361
240 240 57541795582854.05
241 241 -5738.850000140174
242 242 9942284285705.967
243 243 -57377.20671565129
244 244 11534088529042.81
245 245 -51627.06343130209
246 246 19697350247410.38
247 247 -51638.35671565188
248 248 17528533656410.38
249 249 -63127.35000000041
250 250 14011758561200.76
251 251 -63127.35000000054
252 252 20513806916581.42
253 253 -57388.50000000099
254 254 26204685880414.7
255 255 -34410.51343131162
256 256 32885179907669.41
257 257 -28682.95671567597
258 258 43667682636688.16
259 259 -28682.95671566429
260 260 34886705423351.68
261 261 -40160.65671565387
262 262 29900579186981.68
263 263 -40149.3634313048
264 264 41118646438331.83
265 265 -34421.80671565572
266 266 -6110170303370.44
267 267 -11477.70000006335
268 268 59521515465338.91
269 269 -5738.850000123231
270 270 59721879959889.23
271 271 -5738.850000000737
272 272 55282832004444.67
273 273 -17216.55000002274
274 274 59702021880504.27
275 275 -17216.5500000302
276 276 58467127689305.57
277 277 -11477.70000002886
278 278 25931036989064.72
279 279 -83213.32499999979
280 280 27180137351357.39
281 281 -86082.74999999981
282 282 25685452706226.04
283 283 -83213.32499999978
284 284 21695185484844.64
285 285 -74605.04999999976
286 286 23197062225009.89
287 287 -77474.47499999976
288 288 22671117336294.95
289 289 -77474.47499999971
290 290 19201200276942.38
291 291 -74605.04999999954
292 292 15054121762629.62
293 293 -71735.62499999935
294 294 17960371685921.8
295 295 -71735.62499999962
296 296 39982102854599.52
297 297 -30.41771913283248
298 298 22462099313189.2
299 299 -7.307505868229331e-07
300 300 34174202150609.31
301 301 -45910.80000000085
302 302 26775000440200.28
303 303 -68866.19999999997
304 304 40411323216737.59
305 305 -22955.40000000084
306 306 27538108799752.25
307 307 -80343.89999999985
308 308 19822665551159.84
309 309 -22955.39999999771
310 310 31983865805311.05
311 311 -15.20886012720131
312 312 11383817421932.85
313 313 -7.809867308818818e-07
314 314 29215936119897.18
315 315 -57388.50000000029
316 316 38490983174499.59
317 317 -34433.1000000014
318 318 40104563454113.67
319 319 -11492.90885932215
320 320 28579864270685.72
321 321 -68866.19999999995
322 322 29465356599306.48
323 323 -57388.50000000001
324 324 28174574352534.06
325 325 -45910.7999999999
326 326 28211787533467.34
327 327 -34433.09999999996
328 328 9198809651466.24
329 329 -11477.69999998229
330 330 1025128258570.173
331 331 -11477.6999999487
332 332 32133219134648.5
333 333 -11477.69999999739
334 334 28554182690363.91
335 335 -86082.74999999988
336 336 26857050750186.45
337 337 -74605.04999999989
338 338 28418899717463.26
339 339 -80343.89999999989
340 340 27935104707626.16
341 341 -74605.0499999999
342 342 30838023625727.68
343 343 -22955.39999999988
344 344 10093261738889.23
345 345 -22955.3999999945
346 346 19179377409135.45
347 347 -34433.0999999983
348 348 20732924510989.95
349 349 -11477.69999999739
350 350 36294523581700.73
351 351 -22.81328941472507
352 352 27448427658715.07
353 353 -7.604430179718422
354 354 17163355536788.1
355 355 -4.896693478308676e-07
356 356 5609178853342.489
357 357 -1.730380155760562e-06
358 358 27476654665797.03
359 359 -63127.35000000007
360 360 31510931226857.82
361 361 -51649.65000000055
362 362 36625918508850.41
363 363 -40171.95000000123
364 364 39964207538518.65
365 365 -28694.25000000186
366 366 40482269805903.41
367 367 -17224.15442966277
368 368 39987721681321.83
369 369 -5761.663288973084
370 370 27880170959797.61
371 371 -68866.19999999997
372 372 29042758414576.78
373 373 -68866.19999999991
374 374 31224010383277.58
375 375 -51649.65000000035
376 376 28904731076397.04
377 377 -63127.34999999987
378 378 31616726497854.62
379 379 -45910.8000000004
380 380 24529348759350.59
381 381 -45910.79999999941
382 382 34332534851519.8
383 383 -28694.25000000068
384 384 23372935942284.39
385 385 -40171.94999999931
386 386 15744362209112.63
387 387 -5738.849999994481
388 388 4968174578286.252
389 389 -17216.54999998671
390 390 64456653818.18768
391 391 -5738.849999607283
392 392 2257080134802.279
393 393 -17216.54999998377
394 394 36499389547866.73
395 395 -17216.54999999944
396 396 27440144500204.77
397 397 -5738.84999999123
398 398 29176816034567.57
399 399 -88952.17499999987
400 400 28014144756720.49
401 401 -83213.32499999985
402 402 27146446919712.82
403 403 -77474.47499999986
404 404 26706304871672.12
405 405 -71735.62499999993
406 406 28009160508056.65
407 407 -80343.89999999989
408 408 28796331861892.63
409 409 -80343.89999999991
410 410 27305173795191.44
411 411 -71735.62499999993
412 412 28562276612139.6
413 413 -77474.4749999999
414 414 36014407801410.9
415 415 -22955.40000000065
416 416 25444929452317.42
417 417 -22955.39999999874
418 418 14746874727089.74
419 419 -22955.39999999629
420 420 6369919222058.127
421 421 -22955.39999999274
422 422 19225601740132.13
423 423 -28694.24999999821
424 424 19941397250374.79
425 425 -40171.94999999856
426 426 20158307435132.98
427 427 -17216.5499999978
428 428 21770690196026.73
429 429 -5738.850000019276
430 430 29565233484954.2
431 431 -57388.50000000021
432 432 28797915740907.93
433 433 -63127.34999999995
434 434 28407140091590.67
435 435 -63127.35000000003
436 436 27018236337076.68
437 437 -51649.64999999965
438 438 28485227085103.94
439 439 -57388.49999999981
440 440 29401497421505.44
441 441 -51649.65000000004
442 442 33859980161891.57
443 443 -34433.1000000008
444 444 28186483598257.11
445 445 -40171.94999999991
446 446 32806391548162.32
447 447 -40171.95000000055
448 448 4510964012563.181
449 449 -5738.849999881257
450 450 4388201153947.925
451 451 -11477.69999996702
452 452 10045504360367.27
453 453 -5738.849999962769
454 454 10356743090.13265
455 455 -5738.849999981253
456 456 415649395994.681
457 457 -11477.69999998194
458 458 22575330404.29887
459 459 -5738.849999964465
460 460 36365988889095.66
461 461 -11485.3044296588
462 462 36234431810990.08
463 463 -5754.058859340143
464 464 32152336848001.24
465 465 -5746.454429686563
466 466 28752188112398.93
467 467 -83213.32499999988
468 468 28848579382020.57
469 469 -86082.74999999991
470 470 28405815449082.18
471 471 -83213.3249999999
472 472 27455383609019.14
473 473 -74605.0499999999
474 474 28171851137988.09
475 475 -77474.4749999999
476 476 27681948735932.11
477 477 -77474.47499999989
478 478 28903251992311.51
479 479 -71735.62499999988
480 480 28751156638747.46
481 481 -74605.0499999999
482 482 28259728341084.74
483 483 -71735.62499999993
484 484 15718466047200.7
485 485 -34433.09999999771
486 486 14832662210553.49
487 487 -28694.24999999723
488 488 11074565708996.63
489 489 -28694.24999999602
490 490 23633236396798.63
491 491 -34433.09999999931
492 492 29610115452297.41
493 493 -28694.25000000021
494 494 24434726418797.32
495 495 -28694.24999999939
496 496 26864692786509.27
497 497 -11477.69999999995
498 498 26035578577317.22
499 499 -17216.5499999988
500 500 31780013093194.47
501 501 -17216.55000000092
502 502 14978602106399.26
503 503 -11477.69999999177
504 504 9406251220151.52
505 505 -17216.54999999059
506 506 14604671979728.15
507 507 -17216.54999999405
508 508 1
509 509 14461.902
510 510 1
511 511 -45865.6268625371
512 512 1
513 513 -68866.19999995231
514 514 1
515 515 -22955.39999914871
516 516 1
517 517 -57365.913431266
518 518 1
519 519 -34410.51343117181
520 520 1
521 521 2984.202000000002
522 522 1
523 523 -63116.05671562423
524 524 1
525 525 -51615.77014689994
526 526 1
527 527 -40138.07014687378
528 528 1
529 529 -28682.95671540281
530 530 1
531 531 -17216.55000005113
532 532 1
533 533 8723.052000000001
534 534 29895381876330.45
535 535 -91821.60000001473
536 536 29444983505070.46
537 537 -91821.60000000993
538 538 5956570958.595964
539 539 -2.092621775794941e-07
540 540 21438319016964.37
541 541 -45910.80000000323
542 542 29405695063550.55
543 543 -68866.20000000409
544 544 3794883249655.447
545 545 -22955.40000000254
546 546 29144717481952.21
547 547 -80343.90000000843
548 548 23565362475390.64
549 549 -80343.90000001247
550 550 29677717229222.09
551 551 -91821.60000000978
552 552 27482710963123.17
553 553 -57388.50000000359
554 554 13061713197535.57
555 555 -34433.10000000626
556 556 209885155841.5864
557 557 -11477.70000001783
558 558 29115373527164.38
559 559 -86082.75000001048
560 560 29386573969769.24
561 561 -74605.050000006
562 562 27033311087763.86
563 563 -86082.75000001567
564 564 17494993523951.48
565 565 -74605.05000000856
566 566 29795827259328.62
567 567 -91821.6000000098
568 568 29558806289810.81
569 569 -91821.60000000978
570 570 24944839171812.75
571 571 -51649.65000000376
572 572 28945970002851.81
573 573 -63127.35000000342
574 574 8263406612596.568
575 575 -28694.25000000609
576 576 17685002687260.08
577 577 -40171.95000000621
578 578 14656930606.78635
579 579 -5738.850000036666
580 580 1241842163234.387
581 581 -17216.55000000961
582 582 29072206594490.48
583 583 -83213.32500001088
584 584 29369444587023.2
585 585 -88952.17500001019
586 586 29426586186236.48
587 587 -71735.6250000062
588 588 29297390688450.81
589 589 -77474.47500000575
590 590 28341679501075.43
591 591 -88952.17500001521
592 592 25469749557239.79
593 593 -83213.32500001621
594 594 21062386739740.26
595 595 -77474.47500000839
596 596 11981687583666.08
597 597 -71735.62500000843
