1
2
598
10 0
10 0
11 0
11 0
10.5 0
10.5 0
11.5 0
11.5 0
4.80129 0.00129195
4.80129 0.00129195
5.475 5.85
5.475 5.85
5.25 3.9
5.25 3.9
5.025 1.95
5.025 1.95
5.5875 6.825
5.5875 6.825
5.025 2.925
5.025 2.925
5.02629 0.976292
5.02629 0.976292
5.5875 6.3375
5.5875 6.3375
5.7 7.3125
5.7 7.3125
5.475 4.875
5.475 4.875
4.20065 0.000645976
4.20065 0.000645976
5.40194 0.00193793
5.40194 0.00193793
5.2125 5.85
5.2125 5.85
5.7375 5.85
5.7375 5.85
4.875 3.9
4.875 3.9
5.625 3.9
5.625 3.9
4.5375 1.95
4.5375 1.95
5.5125 1.95
5.5125 1.95
5.38125 6.825
5.38125 6.825
5.79375 6.825
5.79375 6.825
5.5125 3.4125
5.5125 3.4125
4.5375 2.4375
4.5375 2.4375
4.53815 1.46315
4.53815 1.46315
5.51444 0.489438
5.51444 0.489438
5.38125 6.58125
5.38125 6.58125
5.79375 6.09375
5.79375 6.09375
5.85 7.06875
5.85 7.06875
5.55 7.55625
5.55 7.55625
5.2125 5.3625
5.2125 5.3625
5.7375 4.3875
5.7375 4.3875
5.025 2.4375
5.025 2.4375
5.5125 2.4375
5.5125 2.4375
5.5125 2.925
5.5125 2.925
5.1375 3.4125
5.1375 3.4125
4.7625 3.4125
4.7625 3.4125
4.65 2.925
4.65 2.925
5.51379 0.976292
5.51379 0.976292
5.51315 1.46315
5.51315 1.46315
5.02565 1.46315
5.02565 1.46315
4.42565 0.975646
4.42565 0.975646
4.31315 0.488146
4.31315 0.488146
4.91379 0.488792
4.91379 0.488792
5.79375 6.3375
5.79375 6.3375
5.79375 6.58125
5.79375 6.58125
5.5875 6.58125
5.5875 6.58125
5.325 6.3375
5.325 6.3375
5.26875 6.09375
5.26875 6.09375
5.53125 6.09375
5.53125 6.09375
5.49375 7.3125
5.49375 7.3125
5.4375 7.06875
5.4375 7.06875
5.64375 7.06875
5.64375 7.06875
5.85 7.3125
5.85 7.3125
5.85 7.55625
5.85 7.55625
5.7 7.55625
5.7 7.55625
5.7375 4.875
5.7375 4.875
5.7375 5.3625
5.7375 5.3625
5.475 5.3625
5.475 5.3625
5.1 4.875
5.1 4.875
4.9875 4.3875
4.9875 4.3875
5.3625 4.3875
5.3625 4.3875
3.6 0
3.6 0
4.5 3.9
4.5 3.9
4.95 5.85
4.95 5.85
4.05 1.95
4.05 1.95
1.8 0
1.8 0
5.175 6.825
5.175 6.825
4.725 4.875
4.725 4.875
4.275 2.925
4.275 2.925
3.825 0.975
3.825 0.975
0.9 0
0.9 0
2.7 0
2.7 0
4.5 5.85
4.5 5.85
3.6 3.89808
3.6 3.89808
2.7 1.95
2.7 1.95
2.925 0.975
2.925 0.975
4.275 4.875
4.275 4.875
3.375 2.92308
3.375 2.92308
1.575 0.975
1.575 0.975
5.2875 7.3125
5.2875 7.3125
5.0625 6.3375
5.0625 6.3375
4.95 6.825
4.95 6.825
4.8375 6.3375
4.8375 6.3375
4.8375 5.3625
4.8375 5.3625
4.6125 4.3875
4.6125 4.3875
4.3875 3.4125
4.3875 3.4125
4.1625 2.4375
4.1625 2.4375
3.9375 1.4625
3.9375 1.4625
3.7125 0.4875
3.7125 0.4875
0.45 0
0.45 0
1.35 0
1.35 0
2.25 0
2.25 0
3.15 0
3.15 0
4.275 5.85
4.275 5.85
4.725 5.85
4.725 5.85
3.15 3.89712
3.15 3.89712
4.05 3.89904
4.05 3.89904
2.025 1.95
2.025 1.95
3.375 1.95
3.375 1.95
2.3625 0.4875
2.3625 0.4875
3.4875 1.4625
3.4875 1.4625
4.1625 5.3625
4.1625 5.3625
4.3875 4.3875
4.3875 4.3875
3.0375 3.40962
3.0375 3.40962
3.7125 2.43654
3.7125 2.43654
1.4625 1.4625
1.4625 1.4625
1.6875 0.4875
1.6875 0.4875
5.34375 7.55625
5.34375 7.55625
5.23125 7.06875
5.23125 7.06875
5.11875 6.58125
5.11875 6.58125
5.00625 6.09375
5.00625 6.09375
4.8375 6.825
4.8375 6.825
5.0625 6.825
5.0625 6.825
4.89375 6.09375
4.89375 6.09375
4.78125 6.58125
4.78125 6.58125
3.2625 0.4875
3.2625 0.4875
3.375 0.975
3.375 0.975
2.8125 0.4875
2.8125 0.4875
3.825 4.87404
3.825 4.87404
3.4875 4.38558
3.4875 4.38558
3.9375 4.38654
3.9375 4.38654
4.6125 5.3625
4.6125 5.3625
4.3875 5.3625
4.3875 5.3625
4.5 4.875
4.5 4.875
2.7 2.92308
2.7 2.92308
2.3625 2.43654
2.3625 2.43654
3.0375 2.43654
3.0375 2.43654
3.9375 3.41154
3.9375 3.41154
3.4875 3.41058
3.4875 3.41058
3.825 2.92404
3.825 2.92404
1.125 0.975
1.125 0.975
0.7875 0.4875
0.7875 0.4875
1.2375 0.4875
1.2375 0.4875
2.8125 1.4625
2.8125 1.4625
2.1375 1.4625
2.1375 1.4625
2.25 0.975
2.25 0.975
5.11875 7.06875
5.11875 7.06875
5.175 7.3125
5.175 7.3125
5.00625 7.06875
5.00625 7.06875
4.95 6.3375
4.95 6.3375
5.00625 6.58125
5.00625 6.58125
4.89375 6.58125
4.89375 6.58125
4.6125 6.3375
4.6125 6.3375
4.44375 6.09375
4.44375 6.09375
4.66875 6.09375
4.66875 6.09375
6.00258 0.0025839
6.00258 0.0025839
8 0
8 0
6 3.9
6 3.9
6 5.85
6 5.85
6 1.95
6 1.95
6 6.825
6 6.825
8.36796 1.95
8.36796 1.95
7.00129 0.00129195
7.00129 0.00129195
9 0
9 0
6 4.875
6 4.875
6 2.925
6 2.925
6.00129 0.976292
6.00129 0.976292
6.75 5.85
6.75 5.85
6.75 4.875
6.75 4.875
7.5 3.9
7.5 3.9
7.5 2.925
7.5 2.925
9.25 0.975
9.25 0.975
10.25 0.975
10.25 0.975
7 0.975
7 0.975
6 7.3125
6 7.3125
6 6.3375
6 6.3375
6.375 6.825
6.375 6.825
6.375 6.3375
6.375 6.3375
7.18398 1.95
7.18398 1.95
9.43398 1.95
9.43398 1.95
8.68398 2.925
8.68398 2.925
8.18398 0.975
8.18398 0.975
6.50194 0.00193793
6.50194 0.00193793
7.50065 0.000645976
7.50065 0.000645976
8.5 0
8.5 0
9.5 0
9.5 0
6 5.3625
6 5.3625
6 4.3875
6 4.3875
6 3.4125
6 3.4125
6 2.4375
6 2.4375
6.00065 1.46315
6.00065 1.46315
6.00194 0.489438
6.00194 0.489438
6.375 5.85
6.375 5.85
7.125 5.85
7.125 5.85
6.375 4.3875
6.375 4.3875
7.125 5.3625
7.125 5.3625
6.75 3.9
6.75 3.9
8.25 3.9
8.25 3.9
6.75 2.4375
6.75 2.4375
8.25 3.4125
8.25 3.4125
8.625 0.4875
8.625 0.4875
9.875 1.4625
9.875 1.4625
10.125 0.4875
10.125 0.4875
10.375 1.4625
10.375 1.4625
6.5 1.4625
6.5 1.4625
7.5 0.4875
7.5 0.4875
6 7.55625
6 7.55625
6 7.06875
6 7.06875
6 6.58125
6 6.58125
6 6.09375
6 6.09375
6.1875 6.825
6.1875 6.825
6.5625 6.825
6.5625 6.825
6.1875 6.09375
6.1875 6.09375
6.5625 6.58125
6.5625 6.58125
6.59199 1.95
6.59199 1.95
7.77597 1.95
7.77597 1.95
8.90097 1.95
8.90097 1.95
9.96699 1.95
9.96699 1.95
8.52597 2.4375
8.52597 2.4375
8.84199 3.4125
8.84199 3.4125
8.27597 1.4625
8.27597 1.4625
8.09199 0.4875
8.09199 0.4875
6.375 4.875
6.375 4.875
6.75 5.3625
6.75 5.3625
6.375 5.3625
6.375 5.3625
7.875 4.3875
7.875 4.3875
7.5 4.875
7.5 4.875
7.125 4.3875
7.125 4.3875
6.75 2.925
6.75 2.925
7.5 3.4125
7.5 3.4125
6.75 3.4125
6.75 3.4125
9.625 0.4875
9.625 0.4875
9.75 0.975
9.75 0.975
9.125 0.4875
9.125 0.4875
11.125 0.4875
11.125 0.4875
10.75 0.975
10.75 0.975
10.625 0.4875
10.625 0.4875
6.50065 0.975646
6.50065 0.975646
6.50129 0.488792
6.50129 0.488792
7.00065 0.488146
7.00065 0.488146
6.375 7.06875
6.375 7.06875
6.1875 7.3125
6.1875 7.3125
6.1875 7.06875
6.1875 7.06875
6.1875 6.3375
6.1875 6.3375
6.375 6.58125
6.375 6.58125
6.1875 6.58125
6.1875 6.58125
6.9375 6.09375
6.9375 6.09375
6.75 6.3375
6.75 6.3375
6.5625 6.09375
6.5625 6.09375
9.21699 2.925
9.21699 2.925
9.05898 2.4375
9.05898 2.4375
9.59199 2.4375
9.59199 2.4375
8.09199 2.925
8.09199 2.925
7.34199 2.4375
7.34199 2.4375
7.93398 2.4375
7.93398 2.4375
7.59199 0.975
7.59199 0.975
7.68398 1.4625
7.68398 1.4625
7.09199 1.4625
7.09199 1.4625
8.71699 0.975
8.71699 0.975
9.34199 1.4625
9.34199 1.4625
8.80898 1.4625
8.80898 1.4625
0 0
0 0
2.7 3.89616
2.7 3.89616
4.05 5.85
4.05 5.85
1.35 1.95
1.35 1.95
3.375 4.87308
3.375 4.87308
2.025 2.92308
2.025 2.92308
0.675 0.975
0.675 0.975
3.7125 5.36154
3.7125 5.36154
3.0375 4.38462
3.0375 4.38462
2.3625 3.40962
2.3625 3.40962
1.6875 2.43654
1.6875 2.43654
1.0125 1.4625
1.0125 1.4625
0.3375 0.4875
0.3375 0.4875
6 7.8
6 7.8
5.4 7.8
5.4 7.8
12 0
12 0
9 3.9
9 3.9
7.5 5.85
7.5 5.85
10.5 1.95
10.5 1.95
6.75 6.825
6.75 6.825
4.725 6.825
4.725 6.825
5.7 7.8
5.7 7.8
8.25 4.875
8.25 4.875
9.75 2.925
9.75 2.925
11.25 0.975
11.25 0.975
6.375 7.3125
6.375 7.3125
7.125 6.3375
7.125 6.3375
5.0625 7.3125
5.0625 7.3125
4.3875 6.3375
4.3875 6.3375
5.85 7.8
5.85 7.8
5.55 7.8
5.55 7.8
8.625 4.3875
8.625 4.3875
7.875 5.3625
7.875 5.3625
10.125 2.4375
10.125 2.4375
9.375 3.4125
9.375 3.4125
11.625 0.4875
11.625 0.4875
10.875 1.4625
10.875 1.4625
6.5625 7.06875
6.5625 7.06875
6.1875 7.55625
6.1875 7.55625
7.3125 6.09375
7.3125 6.09375
6.9375 6.58125
6.9375 6.58125
5.23125 7.55625
5.23125 7.55625
4.89375 7.06875
4.89375 7.06875
4.55625 6.58125
4.55625 6.58125
4.21875 6.09375
4.21875 6.09375
1
0 0 0
1 1 0
2 2 0
3 3 0
4 4 0
5 5 0
6 6 0
7 7 0
8 8 1752801017535.412
9 9 -15.20885952599094
10 10 2900772670094.3
11 11 -68866.19999999994
12 12 1525901198579.62
13 13 -45910.79999999999
14 14 1627211396853.695
15 15 -22955.40000000017
16 16 5023018960799.545
17 17 -80343.89999999992
18 18 1506151447742.689
19 19 -34433.10000000003
20 20 1726332625821.211
21 21 -11492.90885932667
22 22 3870997185488.682
23 23 -74605.04999999992
24 24 6436699397833.566
25 25 -86082.74999999994
26 26 1913213192081.595
27 27 -57388.49999999996
28 28 1678461847222.279
29 29 -7.604429867340791
30 30 1769697805760.347
31 31 -22.81328918802556
32 32 2680017305209.147
33 33 -68866.19999999994
34 34 3090418320471.922
35 35 -68866.19999999992
36 36 1393268341899.862
37 37 -45910.80000000001
38 38 1631424592360.831
39 39 -45910.79999999997
40 40 1578291977904.299
41 41 -22955.40000000022
42 42 1638434640245.357
43 43 -22955.40000000014
44 44 4940164375513.984
45 45 -80343.89999999992
46 46 5112831471973.854
47 47 -80343.89999999994
48 48 1558767530080.598
49 49 -40171.94999999999
50 50 1497789207027.786
51 51 -28694.25000000013
52 52 1642011777751.893
53 53 -17224.1544296633
54 54 1754879699583.518
55 55 -5761.663288992348
56 56 4308291930815.25
57 57 -77474.47499999992
58 58 3530129586018.963
59 59 -71735.62499999994
60 60 5778962336038.922
61 61 -83213.32499999994
62 62 7182424997035.83
63 63 -88952.17499999994
64 64 2082596903188.438
65 65 -63127.34999999995
66 66 1800309942379.756
67 67 -51649.64999999997
68 68 1565253909184.944
69 69 -28694.25000000009
70 70 1593067747577.856
71 71 -28694.25000000006
72 72 1561653428228.448
73 73 -34433.10000000001
74 74 1488210816276.871
75 75 -40171.95
76 76 1392062197207.358
77 77 -40171.95000000003
78 78 1435041419037.445
79 79 -34433.10000000009
80 80 1727455050534.396
81 81 -11492.90885932665
82 82 1686585756796.605
83 83 -17224.15442966323
84 84 1682989951046.488
85 85 -17224.15442966327
86 86 1674160350520.266
87 87 -11485.30442966379
88 88 1686052645221.185
89 89 -5746.454429666413
90 90 1749162695809.484
91 91 -5754.05885932948
92 92 3995360607968.448
93 93 -74605.04999999993
94 94 4523651942267.88
95 95 -77474.47499999993
96 96 4415575312838.261
97 97 -77474.47499999992
98 98 3704053490724.375
99 99 -74605.04999999992
100 100 3157195027716.889
101 101 -71735.62499999993
102 102 3354206451808.396
103 103 -71735.62499999994
104 104 6391051093822.512
105 105 -86082.74999999994
106 106 5644395467757.054
107 107 -83213.32499999992
108 108 5706502891616.321
109 109 -83213.32499999994
110 110 6477360549515.244
111 111 -86082.74999999994
112 112 7235528263106.234
113 113 -88952.17499999994
114 114 7206266052045.312
115 115 -88952.17499999994
116 116 2053618653556.282
117 117 -57388.49999999995
118 118 2464921860521.762
119 119 -63127.34999999995
120 120 2288707598491.842
121 121 -63127.34999999995
122 122 1673473656616.453
123 123 -57388.49999999997
124 124 1469279227382.61
125 125 -51649.64999999999
126 126 1651519540511.603
127 127 -51649.64999999997
128 128 1547725653775.872
129 129 -3.251899202819387e-07
130 130 1231400779396.206
131 131 -45910.80000000002
132 132 2408962662305.208
133 133 -68866.19999999994
134 134 1492918199610.644
135 135 -22955.40000000028
136 136 830642046189.0708
137 137 -1.524432613129686e-07
138 138 4866211353767.067
139 139 -80343.89999999992
140 140 1377948810884.367
141 141 -57388.49999999998
142 142 1337288981924.129
143 143 -34433.10000000011
144 144 1568242655480.287
145 145 -11477.70000000109
146 146 287889480763.3387
147 147 -4.484826908111863e-08
148 148 1252908166157.996
149 149 -2.028818449347554e-07
150 150 1703875556329.107
151 151 -68866.19999999992
152 152 715186237173.1506
153 153 -45888.21343129978
154 154 1002548135346.77
155 155 -22955.40000000049
156 156 1297170039930.457
157 157 -11477.70000000126
158 158 944799167923.1267
159 159 -57388.50000000001
160 160 985824110605.5112
161 161 -34410.51343129985
162 162 632728636774.9003
163 163 -11477.70000000236
164 164 6361305035734.579
165 165 -86082.74999999993
166 166 3524565559806.345
167 167 -74605.04999999992
168 168 4804541283001.798
169 169 -80343.89999999992
170 170 3362233484654.6
171 171 -74605.0499999999
172 172 1712041256619.394
173 173 -63127.34999999996
174 174 1249911894152.069
175 175 -51649.65
176 176 1267953280382.744
177 177 -40171.95000000004
178 178 1417060573237.767
179 179 -28694.25000000016
180 180 1541827942060.667
181 181 -17216.5500000005
182 182 1569511306552.512
183 183 -5738.850000004221
184 184 39552643241.55008
185 185 -6.396764100625368e-06
186 186 571129280917.624
187 187 -1.79170295400352e-07
188 188 1057578618555.521
189 189 -2.015167674269769e-07
190 190 1416261302367.421
191 191 -2.044237818764527e-07
192 192 1087351631318.48
193 193 -68866.19999999991
194 194 2110591068277.737
195 195 -68866.19999999994
196 196 387811653945.7453
197 197 -45876.92014694963
198 198 994404880951.839
199 199 -45899.50671564988
200 200 593426633129.7944
201 201 -22955.40000000073
202 202 1292496266156.502
203 203 -22955.40000000036
204 204 1100948024672.645
205 205 -5738.850000004857
206 206 1423435639575.592
207 207 -17216.55000000054
208 208 707022532903.3279
209 209 -63127.35000000003
210 210 1100289278673.943
211 211 -51649.65000000002
212 212 563871990479.3346
213 213 -40138.07014694966
214 214 1285119500074.268
215 215 -28682.95671565005
216 216 399378618283.5743
217 217 -17216.55000000158
218 218 756340627441.6581
219 219 -5738.850000005571
220 220 7164257974890.433
221 221 -88952.17499999994
222 222 5596057862963.406
223 223 -83213.32499999992
224 224 4174784259510.854
225 225 -77474.47499999992
226 226 2928105622386.933
227 227 -71735.62499999993
228 228 4783058357042.852
229 229 -80343.89999999991
230 230 4832758853334.624
231 231 -80343.89999999992
232 232 2816736455164.427
233 233 -71735.62499999991
234 234 4023144759832.062
235 235 -77474.4749999999
236 236 1444682101894.764
237 237 -5738.850000004167
238 238 1448468091664.586
239 239 -11477.70000000108
240 240 1288842708582.842
241 241 -5738.850000004459
242 242 467485640508.1606
243 243 -57377.20671564987
244 244 400813095108.8335
245 245 -51627.06343129974
246 246 767131223477.2217
247 247 -51638.35671564988
248 248 1429512092509.376
249 249 -63127.34999999997
250 250 1093313286771.253
251 251 -63127.34999999998
252 252 1170711960764.996
253 253 -57388.49999999999
254 254 580765235289.5369
255 255 -34410.51343129993
256 256 594481011186.0194
257 257 -28682.95671565024
258 258 1002553101383.877
259 259 -28682.95671565012
260 260 1082651916673.758
261 261 -40160.65671564994
262 262 850540575211.4525
263 263 -40149.3634312998
264 264 1184922794314.021
265 265 -34421.80671564997
266 266 327495220532.8846
267 267 -11477.70000000321
268 268 112702801374.7255
269 269 -5738.849999987615
270 270 480757992849.449
271 271 -5738.850000010133
272 272 1180970197448.688
273 273 -17216.55000000069
274 274 849311528858.3364
275 275 -17216.550000001
276 276 1006765898135.709
277 277 -11477.70000000159
278 278 5577228466771.612
279 279 -83213.32499999992
280 280 6353546904780.35
281 281 -86082.74999999993
282 282 5564951899876.089
283 283 -83213.32499999992
284 284 3444361670007.42
285 285 -74605.0499999999
286 286 4120860267395.412
287 287 -77474.47499999992
288 288 4069788241026.743
289 289 -77474.4749999999
290 290 3198664407669.208
291 291 -74605.04999999989
292 292 2266867888322.904
293 293 -71735.62499999988
294 294 2564737756575.886
295 295 -71735.6249999999
296 296 1727671314489.103
297 297 -30.41771886825377
298 298 1166863155091.83
299 299 -1.216488589308258e-07
300 300 1713871392299.351
301 301 -45910.79999999997
302 302 3261898612434.605
303 303 -68866.19999999994
304 304 1611652741204.157
305 305 -22955.4000000001
306 306 5209506370902.827
307 307 -80343.89999999994
308 308 1034127409254.254
309 309 -22955.39999999976
310 310 1526598619952.957
311 311 -15.20885953325317
312 312 644110192988.9193
313 313 -2.283401862201948e-07
314 314 2176800268219.102
315 315 -57388.49999999994
316 316 1579287032672.919
317 317 -34433.09999999998
318 318 1690388663590.907
319 319 -11492.90885932662
320 320 3689320973376.668
321 321 -68866.19999999994
322 322 2472204172900.137
323 323 -57388.4999999999
324 324 1893676277178.928
325 325 -45910.79999999987
326 326 1452289070412.421
327 327 -34433.09999999987
328 328 514299369367.7526
329 329 -11477.69999999923
330 330 74055253065.26651
331 331 -11477.69999999628
332 332 1492804262497.15
333 333 -11477.70000000068
334 334 6522948279252.85
335 335 -86082.74999999994
336 336 4115591414745.321
337 337 -74605.04999999993
338 338 5390434308875.944
339 339 -80343.89999999994
340 340 4329900270866.006
341 341 -74605.04999999993
342 342 1400109644776.054
343 343 -22955.39999999999
344 344 648833446700.9692
345 345 -22955.39999999943
346 346 1285195726587.435
347 347 -34433.09999999972
348 348 1051761604436.895
349 349 -11477.70000000017
350 350 1647522699462.623
351 351 -22.81328919547539
352 352 1365937201682.651
353 353 -7.604429870516475
354 354 924137439108.6598
355 355 -2.088464239618461e-07
356 356 330382463512.0673
357 357 -2.937066067742566e-07
358 358 2619715756801.847
359 359 -63127.34999999994
360 360 1887572502565.897
361 361 -51649.64999999995
362 362 1616204764224.489
363 363 -40171.94999999996
364 364 1583202166277.231
365 365 -28694.25000000002
366 366 1652275339094.186
367 367 -17224.15442966321
368 368 1717655664639.241
369 369 -5761.663288992655
370 370 3477298610979.141
371 371 -68866.19999999994
372 372 3910249203623.056
373 373 -68866.19999999992
374 374 1993928289301.735
375 375 -51649.64999999994
376 376 3184470578650.316
377 377 -63127.3499999999
378 378 1818747259890.839
379 379 -45910.79999999994
380 380 1991065484312.607
381 381 -45910.79999999984
382 382 1502017119168.177
383 383 -28694.24999999998
384 384 1610139953145.932
385 385 -40171.94999999982
386 386 851256313131.4017
387 387 -5738.850000003128
388 388 327781578561.491
389 389 -17216.54999999888
390 390 4201785410.476226
391 391 -5738.849999976631
392 392 212508323739.2643
393 393 -17216.54999999835
394 394 1577847772495.785
395 395 -17216.55000000024
396 396 1356679356771.894
397 397 -5738.850000003707
398 398 7268343790467.413
399 399 -88952.17499999993
400 400 5836872126243.372
401 401 -83213.32499999994
402 402 4632561860267.24
403 403 -77474.47499999993
404 404 3658354910013.006
405 405 -71735.62499999994
406 406 5296798923766.967
407 407 -80343.89999999994
408 408 5490419795672.772
409 409 -80343.89999999994
410 410 3769151950569.976
411 411 -71735.62499999994
412 412 4940294589165.49
413 413 -77474.47499999993
414 414 1530907912300.412
415 415 -22955.40000000006
416 416 1227871092104.469
417 417 -22955.3999999999
418 418 831934595829.5747
419 419 -22955.39999999962
420 420 517155310957.0131
421 421 -22955.39999999919
422 422 1095798780223.304
423 423 -28694.24999999975
424 424 1635783227757.687
425 425 -40171.94999999974
426 426 1013994229754.25
427 427 -17216.54999999982
428 428 1110874832413.709
429 429 -5738.850000002149
430 430 2331733375825.061
431 431 -57388.49999999993
432 432 2999544954914.344
433 433 -63127.3499999999
434 434 2816095774303.293
435 435 -63127.34999999991
436 436 2369886801279.14
437 437 -51649.64999999987
438 438 2761293229790.057
439 439 -57388.49999999988
440 440 2174813497880.722
441 441 -51649.64999999989
442 442 1543633867406.477
443 443 -34433.09999999995
444 444 1626312871049.212
445 445 -40171.94999999987
446 446 1643012945170.447
447 447 -40171.94999999994
448 448 265654923203.8291
449 449 -5738.849999994927
450 450 257988867075.3604
451 451 -11477.69999999803
452 452 567917834329.8365
453 453 -5738.850000000832
454 454 3593551774.002992
455 455 -5738.849999995507
456 456 55153665413.27335
457 457 -11477.6999999976
458 458 2363402295.529728
459 459 -5738.849999996562
460 460 1611825253340.508
461 461 -11485.30442966366
462 462 1637875217254.083
463 463 -5754.05885932961
464 464 1517276305895.809
465 465 -5746.454429666579
466 466 5998372604714.183
467 467 -83213.32499999992
468 468 6586429098085.341
469 469 -86082.74999999993
470 470 5914147392744.715
471 471 -83213.32499999994
472 472 4222797513183.419
473 473 -74605.04999999993
474 474 4834169461372.584
475 475 -77474.47499999993
476 476 4732111037952.494
477 477 -77474.47499999993
478 478 4213561211080.445
479 479 -71735.62499999994
480 480 4553063593895.417
481 481 -74605.04999999993
482 482 3987365611321.679
483 483 -71735.62499999994
484 484 1256744997323.512
485 485 -34433.09999999966
486 486 963871932359.549
487 487 -28694.24999999963
488 488 877985992214.2787
489 489 -28694.24999999948
490 490 1363365099998.909
491 491 -34433.09999999982
492 492 1389624133360.728
493 493 -28694.24999999992
494 494 1247926946479.199
495 495 -28694.24999999985
496 496 1299592969461.434
497 497 -11477.70000000053
498 498 1248460172277.01
499 499 -17216.55000000003
500 500 1438865153171.403
501 501 -17216.55000000016
502 502 796769248537.3903
503 503 -11477.69999999995
504 504 536415286635.1565
505 505 -17216.5499999993
506 506 778662901121.5463
507 507 -17216.54999999963
508 508 1
509 509 7575.282
510 510 1
511 511 -45865.62686259925
512 512 1
513 513 -68866.19999999624
514 514 1
515 515 -22955.39999999609
516 516 1
517 517 -57365.91343129974
518 518 1
519 519 -34410.51343129882
520 520 1
521 521 -11477.69999998596
522 522 1
523 523 -63116.05671564957
524 524 1
525 525 -51615.77014694959
526 526 1
527 527 -40138.07014694917
528 528 1
529 529 -28682.9567156481
530 530 1
531 531 -17216.54999999004
532 532 1
533 533 1836.432
534 534 8079214301105.57
535 535 -91821.6000000077
536 536 8005013484287.553
537 537 -91821.6000000052
538 538 5956546877.556596
539 539 -1.082159217353866e-07
540 540 2165844807981.126
541 541 -45910.80000000203
542 542 4149236504004.698
543 543 -68866.20000000214
544 544 469464523321.9432
545 545 -22955.4000000046
546 546 5597242714160.024
547 547 -80343.9000000044
548 548 4770190869016.714
549 549 -80343.9000000066
550 550 8038973736815.125
551 551 -91821.60000000513
552 552 3134822057237.665
553 553 -57388.50000000195
554 554 1310470314816.275
555 555 -34433.10000000445
556 556 81040364731.13159
557 557 -11477.70000001235
558 558 6658282761434.306
559 559 -86082.75000000547
560 560 4798934159297.741
561 561 -74605.05000000312
562 562 6352852484534.435
563 563 -86082.75000000827
564 564 3057569622721.72
565 565 -74605.05000000467
566 566 8060863857236.668
567 567 -91821.60000000513
568 568 8019281426129.295
569 569 -91821.60000000513
570 570 2657266063314.528
571 571 -51649.65000000214
572 572 3624796704426.422
573 573 -63127.35000000179
574 574 878787327294.9561
575 575 -28694.25000000518
576 576 1750157238754.413
577 577 -40171.95000000388
578 578 13296877402.22032
579 579 -5738.850000020429
580 580 228444434497.0451
581 581 -17216.55000000872
582 582 6090636030117.308
583 583 -83213.32500000569
584 584 7314558295058.153
585 585 -88952.17500000533
586 586 4462154488112.651
587 587 -71735.62500000325
588 588 5173461106319.123
589 589 -77474.47500000297
590 590 7164307005546.386
591 591 -88952.17500000798
592 592 5560327187045.694
593 593 -83213.32500000854
594 594 3952832419127.514
595 595 -77474.47500000449
596 596 1952791109753.355
597 597 -71735.62500000479
