1
2
598
10 0
10 0
11 0
11 0
10.5 0
10.5 0
11.5 0
11.5 0
4.80129 0.00129195
4.80129 0.00129195
5.475 5.85
5.475 5.85
5.25 3.9
5.25 3.9
5.025 1.95
5.025 1.95
5.5875 6.825
5.5875 6.825
5.025 2.925
5.025 2.925
5.02629 0.976292
5.02629 0.976292
5.5875 6.3375
5.5875 6.3375
5.7 7.3125
5.7 7.3125
5.475 4.875
5.475 4.875
4.20065 0.000645976
4.20065 0.000645976
5.40194 0.00193793
5.40194 0.00193793
5.2125 5.85
5.2125 5.85
5.7375 5.85
5.7375 5.85
4.875 3.9
4.875 3.9
5.625 3.9
5.625 3.9
4.5375 1.95
4.5375 1.95
5.5125 1.95
5.5125 1.95
5.38125 6.825
5.38125 6.825
5.79375 6.825
5.79375 6.825
5.5125 3.4125
5.5125 3.4125
4.5375 2.4375
4.5375 2.4375
4.53815 1.46315
4.53815 1.46315
5.51444 0.489438
5.51444 0.489438
5.38125 6.58125
5.38125 6.58125
5.79375 6.09375
5.79375 6.09375
5.85 7.06875
5.85 7.06875
5.55 7.55625
5.55 7.55625
5.2125 5.3625
5.2125 5.3625
5.7375 4.3875
5.7375 4.3875
5.025 2.4375
5.025 2.4375
5.5125 2.4375
5.5125 2.4375
5.5125 2.925
5.5125 2.925
5.1375 3.4125
5.1375 3.4125
4.7625 3.4125
4.7625 3.4125
4.65 2.925
4.65 2.925
5.51379 0.976292
5.51379 0.976292
5.51315 1.46315
5.51315 1.46315
5.02565 1.46315
5.02565 1.46315
4.42565 0.975646
4.42565 0.975646
4.31315 0.488146
4.31315 0.488146
4.91379 0.488792
4.91379 0.488792
5.79375 6.3375
5.79375 6.3375
5.79375 6.58125
5.79375 6.58125
5.5875 6.58125
5.5875 6.58125
5.325 6.3375
5.325 6.3375
5.26875 6.09375
5.26875 6.09375
5.53125 6.09375
5.53125 6.09375
5.49375 7.3125
5.49375 7.3125
5.4375 7.06875
5.4375 7.06875
5.64375 7.06875
5.64375 7.06875
5.85 7.3125
5.85 7.3125
5.85 7.55625
5.85 7.55625
5.7 7.55625
5.7 7.55625
5.7375 4.875
5.7375 4.875
5.7375 5.3625
5.7375 5.3625
5.475 5.3625
5.475 5.3625
5.1 4.875
5.1 4.875
4.9875 4.3875
4.9875 4.3875
5.3625 4.3875
5.3625 4.3875
3.6 0
3.6 0
4.5 3.9
4.5 3.9
4.95 5.85
4.95 5.85
4.05 1.95
4.05 1.95
1.8 0
1.8 0
5.175 6.825
5.175 6.825
4.725 4.875
4.725 4.875
4.275 2.925
4.275 2.925
3.825 0.975
3.825 0.975
0.9 0
0.9 0
2.7 0
2.7 0
4.5 5.85
4.5 5.85
3.6 3.89808
3.6 3.89808
2.7 1.95
2.7 1.95
2.925 0.975
2.925 0.975
4.275 4.875
4.275 4.875
3.375 2.92308
3.375 2.92308
1.575 0.975
1.575 0.975
5.2875 7.3125
5.2875 7.3125
5.0625 6.3375
5.0625 6.3375
4.95 6.825
4.95 6.825
4.8375 6.3375
4.8375 6.3375
4.8375 5.3625
4.8375 5.3625
4.6125 4.3875
4.6125 4.3875
4.3875 3.4125
4.3875 3.4125
4.1625 2.4375
4.1625 2.4375
3.9375 1.4625
3.9375 1.4625
3.7125 0.4875
3.7125 0.4875
0.45 0
0.45 0
1.35 0
1.35 0
2.25 0
2.25 0
3.15 0
3.15 0
4.275 5.85
4.275 5.85
4.725 5.85
4.725 5.85
3.15 3.89712
3.15 3.89712
4.05 3.89904
4.05 3.89904
2.025 1.95
2.025 1.95
3.375 1.95
3.375 1.95
2.3625 0.4875
2.3625 0.4875
3.4875 1.4625
3.4875 1.4625
4.1625 5.3625
4.1625 5.3625
4.3875 4.3875
4.3875 4.3875
3.0375 3.40962
3.0375 3.40962
3.7125 2.43654
3.7125 2.43654
1.4625 1.4625
1.4625 1.4625
1.6875 0.4875
1.6875 0.4875
5.34375 7.55625
5.34375 7.55625
5.23125 7.06875
5.23125 7.06875
5.11875 6.58125
5.11875 6.58125
5.00625 6.09375
5.00625 6.09375
4.8375 6.825
4.8375 6.825
5.0625 6.825
5.0625 6.825
4.89375 6.09375
4.89375 6.09375
4.78125 6.58125
4.78125 6.58125
3.2625 0.4875
3.2625 0.4875
3.375 0.975
3.375 0.975
2.8125 0.4875
2.8125 0.4875
3.825 4.87404
3.825 4.87404
3.4875 4.38558
3.4875 4.38558
3.9375 4.38654
3.9375 4.38654
4.6125 5.3625
4.6125 5.3625
4.3875 5.3625
4.3875 5.3625
4.5 4.875
4.5 4.875
2.7 2.92308
2.7 2.92308
2.3625 2.43654
2.3625 2.43654
3.0375 2.43654
3.0375 2.43654
3.9375 3.41154
3.9375 3.41154
3.4875 3.41058
3.4875 3.41058
3.825 2.92404
3.825 2.92404
1.125 0.975
1.125 0.975
0.7875 0.4875
0.7875 0.4875
1.2375 0.4875
1.2375 0.4875
2.8125 1.4625
2.8125 1.4625
2.1375 1.4625
2.1375 1.4625
2.25 0.975
2.25 0.975
5.11875 7.06875
5.11875 7.06875
5.175 7.3125
5.175 7.3125
5.00625 7.06875
5.00625 7.06875
4.95 6.3375
4.95 6.3375
5.00625 6.58125
5.00625 6.58125
4.89375 6.58125
4.89375 6.58125
4.6125 6.3375
4.6125 6.3375
4.44375 6.09375
4.44375 6.09375
4.66875 6.09375
4.66875 6.09375
6.00258 0.0025839
6.00258 0.0025839
8 0
8 0
6 3.9
6 3.9
6 5.85
6 5.85
6 1.95
6 1.95
6 6.825
6 6.825
8.36796 1.95
8.36796 1.95
7.00129 0.00129195
7.00129 0.00129195
9 0
9 0
6 4.875
6 4.875
6 2.925
6 2.925
6.00129 0.976292
6.00129 0.976292
6.75 5.85
6.75 5.85
6.75 4.875
6.75 4.875
7.5 3.9
7.5 3.9
7.5 2.925
7.5 2.925
9.25 0.975
9.25 0.975
10.25 0.975
10.25 0.975
7 0.975
7 0.975
6 7.3125
6 7.3125
6 6.3375
6 6.3375
6.375 6.825
6.375 6.825
6.375 6.3375
6.375 6.3375
7.18398 1.95
7.18398 1.95
9.43398 1.95
9.43398 1.95
8.68398 2.925
8.68398 2.925
8.18398 0.975
8.18398 0.975
6.50194 0.00193793
6.50194 0.00193793
7.50065 0.000645976
7.50065 0.000645976
8.5 0
8.5 0
9.5 0
9.5 0
6 5.3625
6 5.3625
6 4.3875
6 4.3875
6 3.4125
6 3.4125
6 2.4375
6 2.4375
6.00065 1.46315
6.00065 1.46315
6.00194 0.489438
6.00194 0.489438
6.375 5.85
6.375 5.85
7.125 5.85
7.125 5.85
6.375 4.3875
6.375 4.3875
7.125 5.3625
7.125 5.3625
6.75 3.9
6.75 3.9
8.25 3.9
8.25 3.9
6.75 2.4375
6.75 2.4375
8.25 3.4125
8.25 3.4125
8.625 0.4875
8.625 0.4875
9.875 1.4625
9.875 1.4625
10.125 0.4875
10.125 0.4875
10.375 1.4625
10.375 1.4625
6.5 1.4625
6.5 1.4625
7.5 0.4875
7.5 0.4875
6 7.55625
6 7.55625
6 7.06875
6 7.06875
6 6.58125
6 6.58125
6 6.09375
6 6.09375
6.1875 6.825
6.1875 6.825
6.5625 6.825
6.5625 6.825
6.1875 6.09375
6.1875 6.09375
6.5625 6.58125
6.5625 6.58125
6.59199 1.95
6.59199 1.95
7.77597 1.95
7.77597 1.95
8.90097 1.95
8.90097 1.95
9.96699 1.95
9.96699 1.95
8.52597 2.4375
8.52597 2.4375
8.84199 3.4125
8.84199 3.4125
8.27597 1.4625
8.27597 1.4625
8.09199 0.4875
8.09199 0.4875
6.375 4.875
6.375 4.875
6.75 5.3625
6.75 5.3625
6.375 5.3625
6.375 5.3625
7.875 4.3875
7.875 4.3875
7.5 4.875
7.5 4.875
7.125 4.3875
7.125 4.3875
6.75 2.925
6.75 2.925
7.5 3.4125
7.5 3.4125
6.75 3.4125
6.75 3.4125
9.625 0.4875
9.625 0.4875
9.75 0.975
9.75 0.975
9.125 0.4875
9.125 0.4875
11.125 0.4875
11.125 0.4875
10.75 0.975
10.75 0.975
10.625 0.4875
10.625 0.4875
6.50065 0.975646
6.50065 0.975646
6.50129 0.488792
6.50129 0.488792
7.00065 0.488146
7.00065 0.488146
6.375 7.06875
6.375 7.06875
6.1875 7.3125
6.1875 7.3125
6.1875 7.06875
6.1875 7.06875
6.1875 6.3375
6.1875 6.3375
6.375 6.58125
6.375 6.58125
6.1875 6.58125
6.1875 6.58125
6.9375 6.09375
6.9375 6.09375
6.75 6.3375
6.75 6.3375
6.5625 6.09375
6.5625 6.09375
9.21699 2.925
9.21699 2.925
9.05898 2.4375
9.05898 2.4375
9.59199 2.4375
9.59199 2.4375
8.09199 2.925
8.09199 2.925
7.34199 2.4375
7.34199 2.4375
7.93398 2.4375
7.93398 2.4375
7.59199 0.975
7.59199 0.975
7.68398 1.4625
7.68398 1.4625
7.09199 1.4625
7.09199 1.4625
8.71699 0.975
8.71699 0.975
9.34199 1.4625
9.34199 1.4625
8.80898 1.4625
8.80898 1.4625
0 0
0 0
2.7 3.89616
2.7 3.89616
4.05 5.85
4.05 5.85
1.35 1.95
1.35 1.95
3.375 4.87308
3.375 4.87308
2.025 2.92308
2.025 2.92308
0.675 0.975
0.675 0.975
3.7125 5.36154
3.7125 5.36154
3.0375 4.38462
3.0375 4.38462
2.3625 3.40962
2.3625 3.40962
1.6875 2.43654
1.6875 2.43654
1.0125 1.4625
1.0125 1.4625
0.3375 0.4875
0.3375 0.4875
6 7.8
6 7.8
5.4 7.8
5.4 7.8
12 0
12 0
9 3.9
9 3.9
7.5 5.85
7.5 5.85
10.5 1.95
10.5 1.95
6.75 6.825
6.75 6.825
4.725 6.825
4.725 6.825
5.7 7.8
5.7 7.8
8.25 4.875
8.25 4.875
9.75 2.925
9.75 2.925
11.25 0.975
11.25 0.975
6.375 7.3125
6.375 7.3125
7.125 6.3375
7.125 6.3375
5.0625 7.3125
5.0625 7.3125
4.3875 6.3375
4.3875 6.3375
5.85 7.8
5.85 7.8
5.55 7.8
5.55 7.8
8.625 4.3875
8.625 4.3875
7.875 5.3625
7.875 5.3625
10.125 2.4375
10.125 2.4375
9.375 3.4125
9.375 3.4125
11.625 0.4875
11.625 0.4875
10.875 1.4625
10.875 1.4625
6.5625 7.06875
6.5625 7.06875
6.1875 7.55625
6.1875 7.55625
7.3125 6.09375
7.3125 6.09375
6.9375 6.58125
6.9375 6.58125
5.23125 7.55625
5.23125 7.55625
4.89375 7.06875
4.89375 7.06875
4.55625 6.58125
4.55625 6.58125
4.21875 6.09375
4.21875 6.09375
1
0 0 0
1 1 0
2 2 0
3 3 0
4 4 0
5 5 0
6 6 0
7 7 0
8 8 5844768372294.484
9 9 -15.20885952036046
10 10 4586654605883.764
11 11 -68866.19999999994
12 12 4142966217242.007
13 13 -45910.80000000004
14 14 5353973360378.475
15 15 -22955.40000000035
16 16 6649343488979.562
17 17 -80343.89999999992
18 18 4780062528659.398
19 19 -34433.10000000014
20 20 5623182125574.219
21 21 -11492.90885932697
22 22 5520889116171.492
23 23 -74605.04999999992
24 24 8077850477906.539
25 25 -86082.74999999993
26 26 3976240386423.816
27 27 -57388.49999999998
28 28 6249114516076.797
29 29 -7.604429860877796
30 30 5380450791381.627
31 31 -22.81328918275831
32 32 4243695208556.593
33 33 -68866.19999999994
34 34 4865424818984.256
35 35 -68866.19999999992
36 36 3972135804742.964
37 37 -45910.80000000007
38 38 4222860876075.505
39 39 -45910.80000000001
40 40 5593070797138.393
41 41 -22955.40000000048
42 42 5039923395250.734
43 43 -22955.40000000026
44 44 6520711290448.507
45 45 -80343.89999999992
46 46 6780042390804.291
47 47 -80343.89999999992
48 48 4422066329127.151
49 49 -40171.95000000004
50 50 5232243891942.262
51 51 -28694.25000000033
52 52 5833721573124.645
53 53 -17224.15442966368
54 54 5274455681661.994
55 55 -5761.663288992595
56 56 5883882245538.308
57 57 -77474.47499999992
58 58 5272041203411.77
59 59 -71735.62499999994
60 60 7444686455443.781
61 61 -83213.32499999992
62 62 8811299626206.352
63 63 -88952.17499999993
64 64 3807620538267.13
65 65 -63127.34999999997
66 66 4138114235212.52
67 67 -51649.64999999999
68 68 5101330672735.585
69 69 -28694.25000000023
70 70 4866550965581.497
71 71 -28694.25000000016
72 72 4653019054553.346
73 73 -34433.10000000009
74 74 4430994172005.433
75 75 -40171.95000000008
76 76 4355055876399.048
77 77 -40171.95000000011
78 78 4791293749523.305
79 79 -34433.10000000022
80 80 5238932860335.566
81 81 -11492.90885932683
82 82 5164843158836.822
83 83 -17224.15442966338
84 84 5526891900812.576
85 85 -17224.15442966351
86 86 6037917954492.23
87 87 -11485.30442966434
88 88 6165788916644.084
89 89 -5746.454429667215
90 90 5750213577782.658
91 91 -5754.058859329905
92 92 5701961420901.186
93 93 -74605.04999999992
94 94 6206241089344.027
95 95 -77474.47499999992
96 96 6048700051961.304
97 97 -77474.47499999992
98 98 5264578616147.19
99 99 -74605.04999999992
100 100 4711054148719.407
101 101 -71735.62499999993
102 102 5015199284297.271
103 103 -71735.62499999993
104 104 8008513628569.721
105 105 -86082.74999999993
106 106 7245385130368.595
107 107 -83213.32499999992
108 108 7341133589070.036
109 109 -83213.32499999992
110 110 8135067092696.927
111 111 -86082.74999999993
112 112 8887634063668.758
113 113 -88952.17499999993
114 114 8846858958140.248
115 115 -88952.17499999993
116 116 4164550203395.358
117 117 -57388.49999999997
118 118 4381210340221.012
119 119 -63127.34999999995
120 120 4127276693160.798
121 121 -63127.34999999995
122 122 3607607515737.698
123 123 -57388.49999999999
124 124 3697304607728.926
125 125 -51649.65000000002
126 126 3967840545803
127 127 -51649.65
128 128 6595050167733.008
129 129 -3.198414957009052e-07
130 130 3687998683777.97
131 131 -45910.8000000001
132 132 3807318922935.736
133 133 -68866.19999999994
134 134 5734460707974.056
135 135 -22955.40000000071
136 136 7370106518986.336
137 137 -4.061393282539421e-07
138 138 6396981342889.512
139 139 -80343.89999999992
140 140 3095798559696.155
141 141 -57388.50000000001
142 142 4702633598447.312
143 143 -34433.10000000027
144 144 6378721392113.421
145 145 -11477.70000000217
146 146 9.245129040191349e+18
147 147 -6.594614875267265e-05
148 148 7023194732651.621
149 149 -1.917824831870207e-07
150 150 2659413027998.688
151 151 -68866.19999999992
152 152 2430211916433.78
153 153 -45888.21343129988
154 154 4681895125099.696
155 155 -22955.40000000146
156 156 6622919890820.178
157 157 -11477.7000000063
158 158 2261158747108.247
159 159 -57388.50000000005
160 160 3899338750033.593
161 161 -34410.51343130011
162 162 -294285518411.0733
163 163 -11477.69999999741
164 164 7955539871134.557
165 165 -86082.74999999993
166 166 4974859344447.047
167 167 -74605.04999999992
168 168 6282385233022.527
169 169 -80343.89999999992
170 170 4702627591123.997
171 171 -74605.04999999989
172 172 3194358944695.566
173 173 -63127.34999999998
174 174 3305788894405.124
175 175 -51649.65000000005
176 176 4171909641992.726
177 177 -40171.95000000014
178 178 5235384592607.595
179 179 -28694.25000000041
180 180 6110141783003.123
181 181 -17216.55000000117
182 182 6524999867921.04
183 183 -5738.850000005734
184 184 -7.911707256533887e+18
185 185 4.981021953877197e-05
186 186 1.132515706938588e+18
187 187 -6.583973873722171e-05
188 188 7201913884620.372
189 189 -1.784462066065642e-07
190 190 6822717261837.993
191 191 -1.993197898553068e-07
192 192 1678760709379.15
193 193 -68866.19999999991
194 194 3319934496461.932
195 195 -68866.19999999994
196 196 1394060161231.586
197 197 -45876.92014694976
198 198 3176542592956.301
199 199 -45899.50671564997
200 200 2593284634242.726
201 201 -22955.40000000136
202 202 5558541162192.16
203 203 -22955.40000000107
204 204 7127256221648.515
205 205 -5738.850000026844
206 206 6180218897082.279
207 207 -17216.55000000176
208 208 1421355928370.806
209 209 -63127.35000000006
210 210 3004870176823.491
211 211 -51649.65000000007
212 212 2191656613451.364
213 213 -40138.07014694985
214 214 5074990083357.218
215 215 -28682.9567156504
216 216 -24470059668.08074
217 217 -17216.54999999884
218 218 7722822372862.847
219 219 -5738.850000007637
220 220 8778720490840.111
221 221 -88952.17499999993
222 222 7162364112599.922
223 223 -83213.32499999992
224 224 5666428254840.25
225 225 -77474.47499999992
226 226 4342801291790.542
227 227 -71735.62499999993
228 228 6235606413712.341
229 229 -80343.89999999991
230 230 6336977218617.262
231 231 -80343.89999999992
232 232 4160478952252.851
233 233 -71735.62499999993
234 234 5397514748628.551
235 235 -77474.47499999989
236 236 6755893923836.979
237 237 -5738.850000007384
238 238 6555390488296.546
239 239 -11477.70000000314
240 240 6956368804841.613
241 241 -5738.850000011587
242 242 1215888975989.793
243 243 -57377.20671564992
244 244 1259236435776.508
245 245 -51627.06343129981
246 246 2246575597753.69
247 247 -51638.35671564993
248 248 2708304866829.092
249 249 -63127.34999999999
250 250 2117224502013.939
251 251 -63127.35000000001
252 252 2708257280947.283
253 253 -57388.50000000003
254 254 2453682033738.057
255 255 -34410.51343130025
256 256 2656830917962.979
257 257 -28682.95671565078
258 258 4316906013364.99
259 259 -28682.95671565059
260 260 3782591089362.533
261 261 -40160.65671565007
262 262 3145049034781.181
263 263 -40149.36343129996
264 264 4428955897947.49
265 265 -34421.80671565019
266 266 -231278650179.0474
267 267 -11477.6999999977
268 268 -3022087505508.894
269 269 -5738.849999999687
270 270 -384744940882.2621
271 271 -5738.849999994182
272 272 5833230121072.641
273 273 -17216.55000000302
274 274 4008087847590.453
275 275 -17216.55000000315
276 276 6020993769251.703
277 277 -11477.70000002034
278 278 7125046645639.184
279 279 -83213.32499999992
280 280 7935955548552.846
281 281 -86082.74999999993
282 282 7095166745873.557
283 283 -83213.32499999992
284 284 4841451545711.169
285 285 -74605.04999999992
286 286 5574136268368.103
287 287 -77474.47499999992
288 288 5483697490952.896
289 289 -77474.4749999999
290 290 4418845229110.608
291 291 -74605.04999999987
292 292 3249875976731.237
293 293 -71735.62499999985
294 294 3744005097187.07
295 295 -71735.6249999999
296 296 4854415869367.443
297 297 -30.41771886799522
298 298 2700066309344.529
299 299 -1.244370639621346e-07
300 300 4232808259882.259
301 301 -45910.79999999999
302 302 5100035176493.218
303 303 -68866.19999999994
304 304 4665419809309.291
305 305 -22955.40000000017
306 306 6912390183804.405
307 307 -80343.89999999992
308 308 2362735615751.882
309 309 -22955.3999999997
310 310 3851401601582.584
311 311 -15.20885953911923
312 312 1392754203607.064
313 313 -2.373988456095444e-07
314 314 4307877943293.764
315 315 -57388.49999999996
316 316 4431291166720.073
317 317 -34433.10000000003
318 318 4813408864886.267
319 319 -11492.90885932673
320 320 5611621956525.615
321 321 -68866.19999999994
322 322 4554203926219.448
323 323 -57388.4999999999
324 324 3853231477421.87
325 325 -45910.79999999988
326 326 3410783273473.082
327 327 -34433.09999999987
328 328 1115331728760.317
329 329 -11477.69999999879
330 330 138279487123.493
331 331 -11477.69999999505
332 332 3819999476454.733
333 333 -11477.70000000068
334 334 8196035458095.146
335 335 -86082.74999999994
336 336 5868365572948.71
337 337 -74605.04999999993
338 338 7145627109166.541
339 339 -80343.89999999994
340 340 6144672665057.426
341 341 -74605.04999999993
342 342 3579442311216.631
343 343 -22955.39999999999
344 344 1296236574651.006
345 345 -22955.3999999993
346 346 2552413886561.479
347 347 -34433.09999999968
348 348 2449185031377.766
349 349 -11477.70000000007
350 350 4372002891692.033
351 351 -22.81328920106508
352 352 3293657131474.064
353 353 -7.604429876513858
354 354 2064288763313.62
355 355 -2.113631688134157e-07
356 356 693530071884.958
357 357 -3.270822094048308e-07
358 358 4584896222599.205
359 359 -63127.34999999995
360 360 4208625860737.202
361 361 -51649.64999999997
362 362 4313435838592.689
363 363 -40171.95
364 364 4555566681984.129
365 365 -28694.25000000008
366 366 4755395136579.635
367 367 -17224.1544296633
368 368 4844790324686.872
369 369 -5761.663288992752
370 370 5371720221718.866
371 371 -68866.19999999994
372 372 5843802693764.637
373 373 -68866.19999999992
374 374 4256413754012.236
375 375 -51649.64999999995
376 376 5160637119124.216
377 377 -63127.3499999999
378 378 4086477356966.791
379 379 -45910.79999999995
380 380 3642349264695.092
381 381 -45910.79999999983
382 382 3972342133994.161
383 383 -28694.25000000001
384 384 3185597846721.38
385 385 -40171.94999999981
386 386 1895087840443.515
387 387 -5738.850000002722
388 388 643101114474.2151
389 389 -17216.54999999857
390 390 8233521813.251817
391 391 -5738.849999966868
392 392 348149343530.4652
393 393 -17216.54999999799
394 394 4292722101786.084
395 395 -17216.55000000029
396 396 3285571229323.271
397 397 -5738.850000003573
398 398 8930817041120.492
399 399 -88952.17499999993
400 400 7523147874730.095
401 401 -83213.32499999992
402 402 6356871215407.843
403 403 -77474.47499999992
404 404 5448547849422.946
405 405 -71735.62499999994
406 406 7027690124085.885
407 407 -80343.89999999994
408 408 7266820894062.373
409 409 -80343.89999999994
410 410 5593698144656.879
411 411 -71735.62499999994
412 412 6746286981330.982
413 413 -77474.47499999993
414 414 4150662244592.513
415 415 -22955.40000000009
416 416 2971894637055.665
417 417 -22955.39999999987
418 418 1797604679834.758
419 419 -22955.39999999954
420 420 911020754384.9136
421 421 -22955.39999999902
422 422 2372751212194.67
423 423 -28694.2499999997
424 424 2939526168957.146
425 425 -40171.9499999997
426 426 2363939083072.103
427 427 -17216.54999999975
428 428 2572576800817.328
429 429 -5738.850000001997
430 430 4454385357519.836
431 431 -57388.49999999995
432 432 4996016942825.716
433 433 -63127.3499999999
434 434 4813090079257.327
435 435 -63127.34999999992
436 436 4212887548346.248
437 437 -51649.64999999986
438 438 4715302266814.598
439 439 -57388.49999999988
440 440 4245507535809.963
441 441 -51649.6499999999
442 442 3963191073237.057
443 443 -34433.09999999998
444 444 3586548746520.997
445 445 -40171.94999999987
446 446 3993799181375.124
447 447 -40171.94999999995
448 448 558093137155.3486
449 449 -5738.849999991734
450 450 540622841275.287
451 451 -11477.69999999724
452 452 1225653920300.849
453 453 -5738.849999999737
454 454 4027936067.39662
455 455 -5738.849999995235
456 456 78612081011.3004
457 457 -11477.69999999724
458 458 3651397997.141047
459 459 -5738.849999995799
460 460 4336275981980.52
461 461 -11485.30442966371
462 462 4363287311985.439
463 463 -5754.058859329592
464 464 3843157847160.526
465 465 -5746.454429666502
466 466 7727967361186.684
467 467 -83213.32499999992
468 468 8276726774233.4
469 469 -86082.74999999994
470 470 7623460906207.879
471 471 -83213.32499999994
472 472 6009768780507.156
473 473 -74605.04999999993
474 474 6617343450661.222
475 475 -77474.47499999993
476 476 6488362611974.895
477 477 -77474.47499999993
478 478 6114667273721.819
479 479 -71735.62499999993
480 480 6409898162923.832
481 481 -74605.04999999993
482 482 5859944442268.202
483 483 -71735.62499999994
484 484 2266766592401.443
485 485 -34433.09999999961
486 486 1926208146711.253
487 487 -28694.24999999956
488 488 1575626302268.988
489 489 -28694.24999999939
490 490 2963859849931.701
491 491 -34433.09999999982
492 492 3451587533549.088
493 493 -28694.24999999992
494 494 2907382205220.4
495 495 -28694.24999999983
496 496 3159080957286.069
497 497 -11477.70000000048
498 498 3045050808983.676
499 499 -17216.55
500 500 3692579568731.624
501 501 -17216.55000000017
502 502 1785913513903.934
503 503 -11477.69999999971
504 504 1143003776213.143
505 505 -17216.54999999908
506 506 1740295775087.145
507 507 -17216.54999999949
508 508 1
509 509 7575.282
510 510 1
511 511 -45865.62686259737
512 512 1
513 513 -68866.19999999495
514 514 1
515 515 -22955.39999999591
516 516 1
517 517 -57365.91343129866
518 518 1
519 519 -34410.51343129549
520 520 1
521 521 -11477.70000003213
522 522 1
523 523 -63116.05671564876
524 524 1
525 525 -51615.77014694805
526 526 1
527 527 -40138.07014694696
528 528 1
529 529 -28682.9567156434
530 530 1
531 531 -17216.55000001042
532 532 1
533 533 1836.432
534 534 9734537309588.471
535 535 -91821.60000000772
536 536 9630676874032.336
537 537 -91821.6000000052
538 538 5956548270.783916
539 539 -1.082799814326403e-07
540 540 3552430049144.809
541 541 -45910.80000000202
542 542 6087955950007.458
543 543 -68866.20000000214
544 544 690082113510.4156
545 545 -22955.40000000443
546 546 7392572561184.08
547 547 -80343.9000000044
548 548 6199668148638.612
549 549 -80343.9000000066
550 550 9679511814244.652
551 551 -91821.60000000513
552 552 4960234786125.457
553 553 -57388.50000000194
554 554 2120520160934.121
555 555 -34433.10000000439
556 556 89362449041.57677
557 557 -11477.70000001219
558 558 8363635757764.496
559 559 -86082.75000000547
560 560 6686945920072.997
561 561 -74605.05000000312
562 562 7924494050214.719
563 563 -86082.75000000825
564 564 4160345748789.154
565 565 -74605.05000000467
566 566 9709965352433.381
567 567 -91821.60000000513
568 568 9651204783821.82
569 569 -91821.60000000513
570 570 4301001630033.422
571 571 -51649.65000000213
572 572 5549224845375.139
573 573 -63127.3500000018
574 574 1379251600521.122
575 575 -28694.25000000507
576 576 2866882303828.613
577 577 -40171.95000000384
578 578 13375528838.31376
579 579 -5738.850000020369
580 580 294708462955.7006
581 581 -17216.55000000853
582 582 7838187093812.572
583 583 -83213.32500000569
584 584 8987674158210.143
585 585 -88952.17500000534
586 586 6383272905896.08
587 587 -71735.62500000323
588 588 7017756291846.342
589 589 -77474.47500000297
590 590 8772369320729.48
591 591 -88952.17500000798
592 592 7074339704010.375
593 593 -83213.32500000854
594 594 5252479313333.746
595 595 -77474.47500000449
596 596 2724947551668.7
597 597 -71735.62500000477
