1
2
598
10 0
10 0
11 0
11 0
10.5 0
10.5 0
11.5 0
11.5 0
4.80129 0.00129195
4.80129 0.00129195
5.475 5.85
5.475 5.85
5.25 3.9
5.25 3.9
5.025 1.95
5.025 1.95
5.5875 6.825
5.5875 6.825
5.025 2.925
5.025 2.925
5.02629 0.976292
5.02629 0.976292
5.5875 6.3375
5.5875 6.3375
5.7 7.3125
5.7 7.3125
5.475 4.875
5.475 4.875
4.20065 0.000645976
4.20065 0.000645976
5.40194 0.00193793
5.40194 0.00193793
5.2125 5.85
5.2125 5.85
5.7375 5.85
5.7375 5.85
4.875 3.9
4.875 3.9
5.625 3.9
5.625 3.9
4.5375 1.95
4.5375 1.95
5.5125 1.95
5.5125 1.95
5.38125 6.825
5.38125 6.825
5.79375 6.825
5.79375 6.825
5.5125 3.4125
5.5125 3.4125
4.5375 2.4375
4.5375 2.4375
4.53815 1.46315
4.53815 1.46315
5.51444 0.489438
5.51444 0.489438
5.38125 6.58125
5.38125 6.58125
5.79375 6.09375
5.79375 6.09375
5.85 7.06875
5.85 7.06875
5.55 7.55625
5.55 7.55625
5.2125 5.3625
5.2125 5.3625
5.7375 4.3875
5.7375 4.3875
5.025 2.4375
5.025 2.4375
5.5125 2.4375
5.5125 2.4375
5.5125 2.925
5.5125 2.925
5.1375 3.4125
5.1375 3.4125
4.7625 3.4125
4.7625 3.4125
4.65 2.925
4.65 2.925
5.51379 0.976292
5.51379 0.976292
5.51315 1.46315
5.51315 1.46315
5.02565 1.46315
5.02565 1.46315
4.42565 0.975646
4.42565 0.975646
4.31315 0.488146
4.31315 0.488146
4.91379 0.488792
4.91379 0.488792
5.79375 6.3375
5.79375 6.3375
5.79375 6.58125
5.79375 6.58125
5.5875 6.58125
5.5875 6.58125
5.325 6.3375
5.325 6.3375
5.26875 6.09375
5.26875 6.09375
5.53125 6.09375
5.53125 6.09375
5.49375 7.3125
5.49375 7.3125
5.4375 7.06875
5.4375 7.06875
5.64375 7.06875
5.64375 7.06875
5.85 7.3125
5.85 7.3125
5.85 7.55625
5.85 7.55625
5.7 7.55625
5.7 7.55625
5.7375 4.875
5.7375 4.875
5.7375 5.3625
5.7375 5.3625
5.475 5.3625
5.475 5.3625
5.1 4.875
5.1 4.875
4.9875 4.3875
4.9875 4.3875
5.3625 4.3875
5.3625 4.3875
3.6 0
3.6 0
4.5 3.9
4.5 3.9
4.95 5.85
4.95 5.85
4.05 1.95
4.05 1.95
1.8 0
1.8 0
5.175 6.825
5.175 6.825
4.725 4.875
4.725 4.875
4.275 2.925
4.275 2.925
3.825 0.975
3.825 0.975
0.9 0
0.9 0
2.7 0
2.7 0
4.5 5.85
4.5 5.85
3.6 3.89808
3.6 3.89808
2.7 1.95
2.7 1.95
2.925 0.975
2.925 0.975
4.275 4.875
4.275 4.875
3.375 2.92308
3.375 2.92308
1.575 0.975
1.575 0.975
5.2875 7.3125
5.2875 7.3125
5.0625 6.3375
5.0625 6.3375
4.95 6.825
4.95 6.825
4.8375 6.3375
4.8375 6.3375
4.8375 5.3625
4.8375 5.3625
4.6125 4.3875
4.6125 4.3875
4.3875 3.4125
4.3875 3.4125
4.1625 2.4375
4.1625 2.4375
3.9375 1.4625
3.9375 1.4625
3.7125 0.4875
3.7125 0.4875
0.45 0
0.45 0
1.35 0
1.35 0
2.25 0
2.25 0
3.15 0
3.15 0
4.275 5.85
4.275 5.85
4.725 5.85
4.725 5.85
3.15 3.89712
3.15 3.89712
4.05 3.89904
4.05 3.89904
2.025 1.95
2.025 1.95
3.375 1.95
3.375 1.95
2.3625 0.4875
2.3625 0.4875
3.4875 1.4625
3.4875 1.4625
4.1625 5.3625
4.1625 5.3625
4.3875 4.3875
4.3875 4.3875
3.0375 3.40962
3.0375 3.40962
3.7125 2.43654
3.7125 2.43654
1.4625 1.4625
1.4625 1.4625
1.6875 0.4875
1.6875 0.4875
5.34375 7.55625
5.34375 7.55625
5.23125 7.06875
5.23125 7.06875
5.11875 6.58125
5.11875 6.58125
5.00625 6.09375
5.00625 6.09375
4.8375 6.825
4.8375 6.825
5.0625 6.825
5.0625 6.825
4.89375 6.09375
4.89375 6.09375
4.78125 6.58125
4.78125 6.58125
3.2625 0.4875
3.2625 0.4875
3.375 0.975
3.375 0.975
2.8125 0.4875
2.8125 0.4875
3.825 4.87404
3.825 4.87404
3.4875 4.38558
3.4875 4.38558
3.9375 4.38654
3.9375 4.38654
4.6125 5.3625
4.6125 5.3625
4.3875 5.3625
4.3875 5.3625
4.5 4.875
4.5 4.875
2.7 2.92308
2.7 2.92308
2.3625 2.43654
2.3625 2.43654
3.0375 2.43654
3.0375 2.43654
3.9375 3.41154
3.9375 3.41154
3.4875 3.41058
3.4875 3.41058
3.825 2.92404
3.825 2.92404
1.125 0.975
1.125 0.975
0.7875 0.4875
0.7875 0.4875
1.2375 0.4875
1.2375 0.4875
2.8125 1.4625
2.8125 1.4625
2.1375 1.4625
2.1375 1.4625
2.25 0.975
2.25 0.975
5.11875 7.06875
5.11875 7.06875
5.175 7.3125
5.175 7.3125
5.00625 7.06875
5.00625 7.06875
4.95 6.3375
4.95 6.3375
5.00625 6.58125
5.00625 6.58125
4.89375 6.58125
4.89375 6.58125
4.6125 6.3375
4.6125 6.3375
4.44375 6.09375
4.44375 6.09375
4.66875 6.09375
4.66875 6.09375
6.00258 0.0025839
6.00258 0.0025839
8 0
8 0
6 3.9
6 3.9
6 5.85
6 5.85
6 1.95
6 1.95
6 6.825
6 6.825
8.36796 1.95
8.36796 1.95
7.00129 0.00129195
7.00129 0.00129195
9 0
9 0
6 4.875
6 4.875
6 2.925
6 2.925
6.00129 0.976292
6.00129 0.976292
6.75 5.85
6.75 5.85
6.75 4.875
6.75 4.875
7.5 3.9
7.5 3.9
7.5 2.925
7.5 2.925
9.25 0.975
9.25 0.975
10.25 0.975
10.25 0.975
7 0.975
7 0.975
6 7.3125
6 7.3125
6 6.3375
6 6.3375
6.375 6.825
6.375 6.825
6.375 6.3375
6.375 6.3375
7.18398 1.95
7.18398 1.95
9.43398 1.95
9.43398 1.95
8.68398 2.925
8.68398 2.925
8.18398 0.975
8.18398 0.975
6.50194 0.00193793
6.50194 0.00193793
7.50065 0.000645976
7.50065 0.000645976
8.5 0
8.5 0
9.5 0
9.5 0
6 5.3625
6 5.3625
6 4.3875
6 4.3875
6 3.4125
6 3.4125
6 2.4375
6 2.4375
6.00065 1.46315
6.00065 1.46315
6.00194 0.489438
6.00194 0.489438
6.375 5.85
6.375 5.85
7.125 5.85
7.125 5.85
6.375 4.3875
6.375 4.3875
7.125 5.3625
7.125 5.3625
6.75 3.9
6.75 3.9
8.25 3.9
8.25 3.9
6.75 2.4375
6.75 2.4375
8.25 3.4125
8.25 3.4125
8.625 0.4875
8.625 0.4875
9.875 1.4625
9.875 1.4625
10.125 0.4875
10.125 0.4875
10.375 1.4625
10.375 1.4625
6.5 1.4625
6.5 1.4625
7.5 0.4875
7.5 0.4875
6 7.55625
6 7.55625
6 7.06875
6 7.06875
6 6.58125
6 6.58125
6 6.09375
6 6.09375
6.1875 6.825
6.1875 6.825
6.5625 6.825
6.5625 6.825
6.1875 6.09375
6.1875 6.09375
6.5625 6.58125
6.5625 6.58125
6.59199 1.95
6.59199 1.95
7.77597 1.95
7.77597 1.95
8.90097 1.95
8.90097 1.95
9.96699 1.95
9.96699 1.95
8.52597 2.4375
8.52597 2.4375
8.84199 3.4125
8.84199 3.4125
8.27597 1.4625
8.27597 1.4625
8.09199 0.4875
8.09199 0.4875
6.375 4.875
6.375 4.875
6.75 5.3625
6.75 5.3625
6.375 5.3625
6.375 5.3625
7.875 4.3875
7.875 4.3875
7.5 4.875
7.5 4.875
7.125 4.3875
7.125 4.3875
6.75 2.925
6.75 2.925
7.5 3.4125
7.5 3.4125
6.75 3.4125
6.75 3.4125
9.625 0.4875
9.625 0.4875
9.75 0.975
9.75 0.975
9.125 0.4875
9.125 0.4875
11.125 0.4875
11.125 0.4875
10.75 0.975
10.75 0.975
10.625 0.4875
10.625 0.4875
6.50065 0.975646
6.50065 0.975646
6.50129 0.488792
6.50129 0.488792
7.00065 0.488146
7.00065 0.488146
6.375 7.06875
6.375 7.06875
6.1875 7.3125
6.1875 7.3125
6.1875 7.06875
6.1875 7.06875
6.1875 6.3375
6.1875 6.3375
6.375 6.58125
6.375 6.58125
6.1875 6.58125
6.1875 6.58125
6.9375 6.09375
6.9375 6.09375
6.75 6.3375
6.75 6.3375
6.5625 6.09375
6.5625 6.09375
9.21699 2.925
9.21699 2.925
9.05898 2.4375
9.05898 2.4375
9.59199 2.4375
9.59199 2.4375
8.09199 2.925
8.09199 2.925
7.34199 2.4375
7.34199 2.4375
7.93398 2.4375
7.93398 2.4375
7.59199 0.975
7.59199 0.975
7.68398 1.4625
7.68398 1.4625
7.09199 1.4625
7.09199 1.4625
8.71699 0.975
8.71699 0.975
9.34199 1.4625
9.34199 1.4625
8.80898 1.4625
8.80898 1.4625
0 0
0 0
2.7 3.89616
2.7 3.89616
4.05 5.85
4.05 5.85
1.35 1.95
1.35 1.95
3.375 4.87308
3.375 4.87308
2.025 2.92308
2.025 2.92308
0.675 0.975
0.675 0.975
3.7125 5.36154
3.7125 5.36154
3.0375 4.38462
3.0375 4.38462
2.3625 3.40962
2.3625 3.40962
1.6875 2.43654
1.6875 2.43654
1.0125 1.4625
1.0125 1.4625
0.3375 0.4875
0.3375 0.4875
6 7.8
6 7.8
5.4 7.8
5.4 7.8
12 0
12 0
9 3.9
9 3.9
7.5 5.85
7.5 5.85
10.5 1.95
10.5 1.95
6.75 6.825
6.75 6.825
4.725 6.825
4.725 6.825
5.7 7.8
5.7 7.8
8.25 4.875
8.25 4.875
9.75 2.925
9.75 2.925
11.25 0.975
11.25 0.975
6.375 7.3125
6.375 7.3125
7.125 6.3375
7.125 6.3375
5.0625 7.3125
5.0625 7.3125
4.3875 6.3375
4.3875 6.3375
5.85 7.8
5.85 7.8
5.55 7.8
5.55 7.8
8.625 4.3875
8.625 4.3875
7.875 5.3625
7.875 5.3625
10.125 2.4375
10.125 2.4375
9.375 3.4125
9.375 3.4125
11.625 0.4875
11.625 0.4875
10.875 1.4625
10.875 1.4625
6.5625 7.06875
6.5625 7.06875
6.1875 7.55625
6.1875 7.55625
7.3125 6.09375
7.3125 6.09375
6.9375 6.58125
6.9375 6.58125
5.23125 7.55625
5.23125 7.55625
4.89375 7.06875
4.89375 7.06875
4.55625 6.58125
4.55625 6.58125
4.21875 6.09375
4.21875 6.09375
1
0 0 0
1 1 0
2 2 0
3 3 0
4 4 0
5 5 0
6 6 0
7 7 0
8 8 1807917760262.628
9 9 -15.20885971844914
10 10 2817711904344.713
11 11 -68866.19999999987
12 12 1382369249574.269
13 13 -45910.80000000012
14 14 1605763415144.084
15 15 -22955.40000000134
16 16 4949640603649.751
17 17 -80343.89999999983
18 18 1380219587678.968
19 19 -34433.10000000046
20 20 1773385478032.68
21 21 -11492.90885932934
22 22 3795028930844.263
23 23 -74605.04999999983
24 24 6364279240578.287
25 25 -86082.74999999983
26 26 1804618161686.559
27 27 -57388.49999999996
28 28 1740425820914.933
29 29 -7.604430036687045
30 30 1818145250659.654
31 31 -22.81328934519148
32 32 2595953985618.713
33 33 -68866.19999999987
34 34 3010497221840.526
35 35 -68866.19999999985
36 36 1195174149075.655
37 37 -45910.80000000016
38 38 1528979691297.659
39 39 -45910.80000000005
40 40 1501837308231.729
41 41 -22955.40000000196
42 42 1642923328623.135
43 43 -22955.40000000087
44 44 4866560813300.576
45 45 -80343.89999999983
46 46 5040055523723.124
47 47 -80343.89999999982
48 48 1460732412442.768
49 49 -40171.95000000015
50 50 1345087772675.472
51 51 -28694.25000000119
52 52 1650001435246.057
53 53 -17224.15442966636
54 54 1801990001422.873
55 55 -5761.663288996399
56 56 4233677953705.222
57 57 -77474.47499999983
58 58 3453554513302.488
59 59 -71735.62499999987
60 60 5706708333408.969
61 61 -83213.32499999982
62 62 7109934750432.568
63 63 -88952.17499999983
64 64 1982211086516.859
65 65 -63127.34999999993
66 66 1701991543047.929
67 67 -51649.64999999998
68 68 1490690142288.36
69 69 -28694.25000000085
70 70 1562769684976.521
71 71 -28694.25000000057
72 72 1494560993513.491
73 73 -34433.10000000031
74 74 1340801404612.613
75 75 -40171.95000000025
76 76 1173529413840.572
77 77 -40171.95000000032
78 78 1240875188824.062
79 79 -34433.10000000066
80 80 1771455803203.651
81 81 -11492.90885932844
82 82 1717757861729.923
83 83 -17224.15442966435
84 84 1707535055978.546
85 85 -17224.15442966513
86 86 1723662602911.575
87 87 -11485.30442966892
88 88 1746442171217.336
89 89 -5746.454429677779
90 90 1802846895535.669
91 91 -5754.058859336002
92 92 3920633372156.412
93 93 -74605.04999999983
94 94 4450152093280.91
95 95 -77474.47499999982
96 96 4341231453236.194
97 97 -77474.47499999983
98 98 3627687381263.216
99 99 -74605.04999999983
100 100 3077900971678.86
101 101 -71735.62499999984
102 102 3275400776671.768
103 103 -71735.62499999984
104 104 6318366238789.118
105 105 -86082.74999999983
106 106 5571367396955.534
107 107 -83213.32499999984
108 108 5633756815763.906
109 109 -83213.32499999982
110 110 6405199869677.163
111 111 -86082.74999999983
112 112 7163356133885.984
113 113 -88952.17499999983
114 114 7133922422277.277
115 115 -88952.17499999983
116 116 1958569942686.561
117 117 -57388.49999999995
118 118 2377552294182.065
119 119 -63127.3499999999
120 120 2194000654392.046
121 121 -63127.3499999999
122 122 1545800170734.506
123 123 -57388.49999999999
124 124 1306106854702.5
125 125 -51649.65000000005
126 126 1523446236967.01
127 127 -51649.65000000002
128 128 1616838919071.176
129 129 -5.849240886171317e-07
130 130 961490605631.8906
131 131 -45910.80000000021
132 132 2327340278483.62
133 133 -68866.19999999987
134 134 1293566975213.042
135 135 -22955.40000000329
136 136 889134501370.9492
137 137 -3.984930879701355e-07
138 138 4792795667724.336
139 139 -80343.89999999983
140 140 1235251609375.034
141 141 -57388.50000000001
142 142 1048814809961.718
143 143 -34433.1000000007
144 144 1622945140229.042
145 145 -11477.70000001153
146 146 413320144362.2852
147 147 -0.0001318253009091959
148 148 1331932478537.056
149 149 -3.070969172535068e-07
150 150 1641207205025.126
151 151 -68866.19999999984
152 152 277803280785.1178
153 153 -45888.21343129995
154 154 -8590722939234.146
155 155 -22955.40000000335
156 156 1473448838888.586
157 157 -11477.70000005047
158 158 801064380719.2144
159 159 -57388.50000000009
160 160 -1222511988961.129
161 161 -34410.51343130031
162 162 -9736662250238.207
163 163 -11477.70000055261
164 164 6288466262458.353
165 165 -86082.74999999984
166 166 3449540458013.521
167 167 -74605.04999999983
168 168 4731621008518.238
169 169 -80343.89999999983
170 170 3289931824757.678
171 171 -74605.04999999977
172 172 1609683166702.523
173 173 -63127.34999999995
174 174 1048733866348.333
175 175 -51649.65000000009
176 176 945157681911.2999
177 177 -40171.95000000032
178 178 1168190479695.119
179 179 -28694.25000000138
180 180 1505706910769.559
181 181 -17216.55000000663
182 182 1637050700162.894
183 183 -5738.8500000205
184 184 355590525866.2949
185 185 0.0001060104293417028
186 186 668234945257.2588
187 187 -0.0001314110813501492
188 188 1134923953495.741
189 189 -1.476303548067867e-07
190 190 1491002423839.556
191 191 -3.387680154032064e-07
192 192 1046821585059.725
193 193 -68866.19999999979
194 194 2035468347531.118
195 195 -68866.19999999987
196 196 -223942082346.4013
197 197 -45876.92014694976
198 198 624137008256.3323
199 199 -45899.50671565007
200 200 -30222868450584.7
201 201 -22955.39999996337
202 202 321222456075.0381
203 203 -22955.40000000565
204 204 1197550958484.769
205 205 -5738.850000186214
206 206 1327530210013.727
207 207 -17216.55000001276
208 208 640554361400.2539
209 209 -63127.35000000011
210 210 878392183766.2252
211 211 -51649.65000000013
212 212 -1231465290686.449
213 213 -40138.07014694968
214 214 875975361361.0969
215 215 -28682.95671565151
216 216 -173199630016938.9
217 217 -17216.54999997215
218 218 752764143789.498
219 219 -5738.850000397931
220 220 7091621791385.124
221 221 -88952.17499999983
222 222 5522960708326.452
223 223 -83213.32499999984
224 224 4100803237544.376
225 225 -77474.47499999983
226 226 2850922978184.182
227 227 -71735.62499999984
228 228 4710453355402.863
229 229 -80343.89999999982
230 230 4759554158398.213
231 231 -80343.89999999983
232 232 2741504421454.586
233 233 -71735.62499999985
234 234 3951398074631.432
235 235 -77474.47499999976
236 236 1519271235316.598
237 237 -5738.850000038849
238 238 1526558360370.166
239 239 -11477.70000002149
240 240 1373038451571.199
241 241 -5738.850000075298
242 242 359796649096.6992
243 243 -57377.20671564999
244 244 192335381214.0724
245 245 -51627.06343129987
246 246 522025025798.2352
247 247 -51638.35671564999
248 248 1331987404449.908
249 249 -63127.34999999998
250 250 1007123883471.869
251 251 -63127.35000000001
252 252 1024275796594.261
253 253 -57388.50000000006
254 254 -4011254918282.852
255 255 -34410.51343129916
256 256 -10943529399943.42
257 257 -28682.95671564506
258 258 -3903703861783.683
259 259 -28682.95671565062
260 260 538146153622.9387
261 261 -40160.65671565028
262 262 -245035082901.6987
263 263 -40149.36343130012
264 264 773309834759.3866
265 265 -34421.80671565067
266 266 -105735394389.8231
267 267 -11477.70000001078
268 268 20705600615.02148
269 269 -5738.849999975709
270 270 609906730366.7646
271 271 -5738.850000025526
272 272 1534168455426.499
273 273 -17216.55000002655
274 274 -26573598844522.32
275 275 -17216.55000007777
276 276 1733725301768.368
277 277 -11477.7000001771
278 278 5504165714485.952
279 279 -83213.32499999984
280 280 6280663475955.732
281 281 -86082.74999999984
282 282 5491950867887.218
283 283 -83213.32499999984
284 284 3370506901222.43
285 285 -74605.04999999984
286 286 4047462597981.521
287 287 -77474.47499999983
288 288 3997150439324.75
289 289 -77474.47499999982
290 290 3130408273234.526
291 291 -74605.04999999974
292 292 2207049672475.785
293 293 -71735.62499999968
294 294 2495603333155.153
295 295 -71735.62499999978
296 296 1769532853565.606
297 297 -30.41771906735717
298 298 1187342427979.134
299 299 -1.753887286502898e-07
300 300 1642141164535.414
301 301 -45910.79999999999
302 302 3186321090028.409
303 303 -68866.19999999987
304 304 1627911710156.205
305 305 -22955.40000000054
306 306 5137635997692.886
307 307 -80343.89999999982
308 308 1048909983269.363
309 309 -22955.39999999934
310 310 1557672397161.822
311 311 -15.20885972161093
312 312 654103277582.9775
313 313 -4.147661110945142e-07
314 314 2094487703726.227
315 315 -57388.49999999992
316 316 1547757302536.413
317 317 -34433.10000000016
318 318 1730394590489.323
319 319 -11492.90885932785
320 320 3628203799621.253
321 321 -68866.19999999987
322 322 2419628537758.506
323 323 -57388.49999999982
324 324 1879884368840.673
325 325 -45910.79999999978
326 326 1458083035825.781
327 327 -34433.09999999976
328 328 522227261778.0526
329 329 -11477.69999999765
330 330 74876013663.80223
331 331 -11477.69999999111
332 332 1523276112732.371
333 333 -11477.70000000122
334 334 6451088247480.678
335 335 -86082.74999999987
336 336 4042675570341.068
337 337 -74605.04999999986
338 338 5320618559963.134
339 339 -80343.89999999986
340 340 4261088575840.748
341 341 -74605.04999999986
342 342 1421540124037.945
343 343 -22955.39999999999
344 344 656227368908.25
345 345 -22955.39999999866
346 346 1293299622240.924
347 347 -34433.09999999936
348 348 1070198715497.812
349 349 -11477.7
350 350 1683962238016.276
351 351 -22.81328941294143
352 352 1391692758365
353 353 -7.6044300886823
354 354 939360835842.707
355 355 -4.046327461054355e-07
356 356 335228813186.5914
357 357 -6.126687095452621e-07
358 358 2540345891252.452
359 359 -63127.34999999989
360 360 1806621572840.763
361 361 -51649.64999999995
362 362 1561032814223.095
363 363 -40171.95000000005
364 364 1577236027124.259
365 365 -28694.2500000003
366 366 1684755644631.668
367 367 -17224.15442966392
368 368 1759474083956.654
369 369 -5761.663288996667
370 370 3408981057794.16
371 371 -68866.19999999987
372 372 3855624243785.173
373 373 -68866.19999999984
374 374 1933162336823.421
375 375 -51649.64999999991
376 376 3135976792374.136
377 377 -63127.34999999981
378 378 1785120037756.554
379 379 -45910.7999999999
380 380 1987223245508.623
381 381 -45910.79999999966
382 382 1512290700353.063
383 383 -28694.25000000007
384 384 1612843688270.727
385 385 -40171.94999999961
386 386 865187686551.1877
387 387 -5738.850000004437
388 388 331706905147.3862
389 389 -17216.54999999739
390 390 4254119158.150538
391 391 -5738.84999994075
392 392 214153517508.6469
393 393 -17216.54999999637
394 394 1608816996504.006
395 395 -17216.55000000064
396 396 1382440472313.995
397 397 -5738.850000005782
398 398 7196350229211.776
399 399 -88952.17499999987
400 400 5765081819899.434
401 401 -83213.32499999982
402 402 4560343550842.021
403 403 -77474.47499999982
404 404 3584324160452.129
405 405 -71735.62499999987
406 406 5225912119010.457
407 407 -80343.89999999986
408 408 5421676906561.919
409 409 -80343.89999999986
410 410 3697795182249.007
411 411 -71735.62499999987
412 412 4872632436892.485
413 413 -77474.47499999986
414 414 1552531217399.116
415 415 -22955.40000000023
416 416 1246533608629.59
417 417 -22955.39999999972
418 418 842905410389.4489
419 419 -22955.39999999909
420 420 521636972775.2639
421 421 -22955.39999999814
422 422 1107320453832.228
423 423 -28694.24999999933
424 424 1640561421748.388
425 425 -40171.9499999994
426 426 1030938279337.35
427 427 -17216.54999999921
428 428 1130391783627.77
429 429 -5738.849999999346
430 430 2265644505178.767
431 431 -57388.4999999999
432 432 2942060807361.68
433 433 -63127.34999999983
434 434 2748177565711.486
435 435 -63127.34999999986
436 436 2353368409387.696
437 437 -51649.64999999973
438 438 2728901534058.126
439 439 -57388.49999999977
440 440 2142242128326.408
441 441 -51649.64999999982
442 442 1539146844334.199
443 443 -34433.09999999998
444 444 1622450494756.485
445 445 -40171.94999999974
446 446 1623104665491.485
447 447 -40171.94999999992
448 448 269555165237.1727
449 449 -5738.849999984613
450 450 261699612730.0577
451 451 -11477.69999999527
452 452 576693609088.9786
453 453 -5738.849999997839
454 454 3599014651.549596
455 455 -5738.849999991106
456 456 55447174466.19211
457 457 -11477.69999999497
458 458 2379813682.656507
459 459 -5738.849999992673
460 460 1647207196326.701
461 461 -11485.30442966462
462 462 1674299254780.149
463 463 -5754.058859331623
464 464 1548347696552.114
465 465 -5746.45442966851
466 466 5927931252359.429
467 467 -83213.32499999987
468 468 6514973132750.267
469 469 -86082.7499999999
470 470 5843016489163.003
471 471 -83213.32499999987
472 472 4151847011849.04
473 473 -74605.04999999986
474 474 4764916519147.169
475 475 -77474.47499999986
476 476 4661306558679.993
477 477 -77474.47499999986
478 478 4153429813915.034
479 479 -71735.62499999983
480 480 4488579693451.763
481 481 -74605.04999999986
482 482 3921723423180.934
483 483 -71735.62499999987
484 484 1264182801522.638
485 485 -34433.09999999923
486 486 973012662061.8867
487 487 -28694.24999999911
488 488 884865571735.1047
489 489 -28694.24999999879
490 490 1371467549550.366
491 491 -34433.09999999962
492 492 1403449786185.329
493 493 -28694.24999999982
494 494 1261508435383.334
495 495 -28694.24999999961
496 496 1324066499248.44
497 497 -11477.70000000066
498 498 1270712968588.439
499 499 -17216.5499999999
500 500 1466003527271.895
501 501 -17216.55000000025
502 502 809829209656.3701
503 503 -11477.69999999921
504 504 544059480776.5458
505 505 -17216.5499999982
506 506 790800773081.6384
507 507 -17216.54999999902
508 508 1
509 509 14461.902
510 510 1
511 511 -45865.62686259974
512 512 1
513 513 -68866.19999998997
514 514 1
515 515 -22955.40000065714
516 516 1
517 517 -57365.91343129794
518 518 1
519 519 -34410.51343131242
520 520 1
521 521 2984.202000000002
522 522 1
523 523 -63116.05671564763
524 524 1
525 525 -51615.77014694847
526 526 1
527 527 -40138.07014695179
528 528 1
529 529 -28682.95671571151
530 530 1
531 531 -17216.55000004813
532 532 1
533 533 8723.052000000001
534 534 8007107857885.224
535 535 -91821.60000001475
536 536 7932500196622.445
537 537 -91821.60000000994
538 538 5956546897.090279
539 539 -2.066356485778812e-07
540 540 2167431370730.359
541 541 -45910.80000000382
542 542 4100116876228.94
543 543 -68866.20000000406
544 544 471986229861.8743
545 545 -22955.40000000852
546 546 5529487913785.266
547 547 -80343.90000000839
548 548 4697870672558.693
549 549 -80343.9000000126
550 550 7966645435240.774
551 551 -91821.60000000978
552 552 3115283573284.827
553 553 -57388.5000000037
554 554 1317312156098.952
555 555 -34433.10000000835
556 556 81144089797.34554
557 557 -11477.70000002338
558 558 6587215295871.971
559 559 -86082.75000001045
560 560 4738330407321.125
561 561 -74605.05000000597
562 562 6279935476268.174
563 563 -86082.75000001572
564 564 2993805446831.638
565 565 -74605.05000000889
566 566 7988659196914.057
567 567 -91821.60000000978
568 568 7946841226316.184
569 569 -91821.60000000978
570 570 2650356820721.113
571 571 -51649.65000000405
572 572 3590241355952.265
573 573 -63127.35000000343
574 574 883992516608.0083
575 575 -28694.25000000968
576 576 1756216606091.573
577 577 -40171.95000000731
578 578 13297865317.72059
579 579 -5738.850000038944
580 580 229248722516.4848
581 581 -17216.5500000164
582 582 6020845845064.722
583 583 -83213.32500001084
584 584 7242770286621.727
585 585 -88952.17500001019
586 586 4406789748814.789
587 587 -71735.62500000616
588 588 5108733929522.535
589 589 -77474.47500000571
590 590 7091618052462.404
591 591 -88952.17500001522
592 592 5487390726360.313
593 593 -83213.32500001628
594 594 3882936826360.638
595 595 -77474.47500000859
596 596 1904222046108.507
597 597 -71735.62500000911
