1
2
598
10 0
10 0
11 0
11 0
10.5 0
10.5 0
11.5 0
11.5 0
4.80129 0.00129195
4.80129 0.00129195
5.475 5.85
5.475 5.85
5.25 3.9
5.25 3.9
5.025 1.95
5.025 1.95
5.5875 6.825
5.5875 6.825
5.025 2.925
5.025 2.925
5.02629 0.976292
5.02629 0.976292
5.5875 6.3375
5.5875 6.3375
5.7 7.3125
5.7 7.3125
5.475 4.875
5.475 4.875
4.20065 0.000645976
4.20065 0.000645976
5.40194 0.00193793
5.40194 0.00193793
5.2125 5.85
5.2125 5.85
5.7375 5.85
5.7375 5.85
4.875 3.9
4.875 3.9
5.625 3.9
5.625 3.9
4.5375 1.95
4.5375 1.95
5.5125 1.95
5.5125 1.95
5.38125 6.825
5.38125 6.825
5.79375 6.825
5.79375 6.825
5.5125 3.4125
5.5125 3.4125
4.5375 2.4375
4.5375 2.4375
4.53815 1.46315
4.53815 1.46315
5.51444 0.489438
5.51444 0.489438
5.38125 6.58125
5.38125 6.58125
5.79375 6.09375
5.79375 6.09375
5.85 7.06875
5.85 7.06875
5.55 7.55625
5.55 7.55625
5.2125 5.3625
5.2125 5.3625
5.7375 4.3875
5.7375 4.3875
5.025 2.4375
5.025 2.4375
5.5125 2.4375
5.5125 2.4375
5.5125 2.925
5.5125 2.925
5.1375 3.4125
5.1375 3.4125
4.7625 3.4125
4.7625 3.4125
4.65 2.925
4.65 2.925
5.51379 0.976292
5.51379 0.976292
5.51315 1.46315
5.51315 1.46315
5.02565 1.46315
5.02565 1.46315
4.42565 0.975646
4.42565 0.975646
4.31315 0.488146
4.31315 0.488146
4.91379 0.488792
4.91379 0.488792
5.79375 6.3375
5.79375 6.3375
5.79375 6.58125
5.79375 6.58125
5.5875 6.58125
5.5875 6.58125
5.325 6.3375
5.325 6.3375
5.26875 6.09375
5.26875 6.09375
5.53125 6.09375
5.53125 6.09375
5.49375 7.3125
5.49375 7.3125
5.4375 7.06875
5.4375 7.06875
5.64375 7.06875
5.64375 7.06875
5.85 7.3125
5.85 7.3125
5.85 7.55625
5.85 7.55625
5.7 7.55625
5.7 7.55625
5.7375 4.875
5.7375 4.875
5.7375 5.3625
5.7375 5.3625
5.475 5.3625
5.475 5.3625
5.1 4.875
5.1 4.875
4.9875 4.3875
4.9875 4.3875
5.3625 4.3875
5.3625 4.3875
3.6 0
3.6 0
4.5 3.9
4.5 3.9
4.95 5.85
4.95 5.85
4.05 1.95
4.05 1.95
1.8 0
1.8 0
5.175 6.825
5.175 6.825
4.725 4.875
4.725 4.875
4.275 2.925
4.275 2.925
3.825 0.975
3.825 0.975
0.9 0
0.9 0
2.7 0
2.7 0
4.5 5.85
4.5 5.85
3.6 3.89808
3.6 3.89808
2.7 1.95
2.7 1.95
2.925 0.975
2.925 0.975
4.275 4.875
4.275 4.875
3.375 2.92308
3.375 2.92308
1.575 0.975
1.575 0.975
5.2875 7.3125
5.2875 7.3125
5.0625 6.3375
5.0625 6.3375
4.95 6.825
4.95 6.825
4.8375 6.3375
4.8375 6.3375
4.8375 5.3625
4.8375 5.3625
4.6125 4.3875
4.6125 4.3875
4.3875 3.4125
4.3875 3.4125
4.1625 2.4375
4.1625 2.4375
3.9375 1.4625
3.9375 1.4625
3.7125 0.4875
3.7125 0.4875
0.45 0
0.45 0
1.35 0
1.35 0
2.25 0
2.25 0
3.15 0
3.15 0
4.275 5.85
4.275 5.85
4.725 5.85
4.725 5.85
3.15 3.89712
3.15 3.89712
4.05 3.89904
4.05 3.89904
2.025 1.95
2.025 1.95
3.375 1.95
3.375 1.95
2.3625 0.4875
2.3625 0.4875
3.4875 1.4625
3.4875 1.4625
4.1625 5.3625
4.1625 5.3625
4.3875 4.3875
4.3875 4.3875
3.0375 3.40962
3.0375 3.40962
3.7125 2.43654
3.7125 2.43654
1.4625 1.4625
1.4625 1.4625
1.6875 0.4875
1.6875 0.4875
5.34375 7.55625
5.34375 7.55625
5.23125 7.06875
5.23125 7.06875
5.11875 6.58125
5.11875 6.58125
5.00625 6.09375
5.00625 6.09375
4.8375 6.825
4.8375 6.825
5.0625 6.825
5.0625 6.825
4.89375 6.09375
4.89375 6.09375
4.78125 6.58125
4.78125 6.58125
3.2625 0.4875
3.2625 0.4875
3.375 0.975
3.375 0.975
2.8125 0.4875
2.8125 0.4875
3.825 4.87404
3.825 4.87404
3.4875 4.38558
3.4875 4.38558
3.9375 4.38654
3.9375 4.38654
4.6125 5.3625
4.6125 5.3625
4.3875 5.3625
4.3875 5.3625
4.5 4.875
4.5 4.875
2.7 2.92308
2.7 2.92308
2.3625 2.43654
2.3625 2.43654
3.0375 2.43654
3.0375 2.43654
3.9375 3.41154
3.9375 3.41154
3.4875 3.41058
3.4875 3.41058
3.825 2.92404
3.825 2.92404
1.125 0.975
1.125 0.975
0.7875 0.4875
0.7875 0.4875
1.2375 0.4875
1.2375 0.4875
2.8125 1.4625
2.8125 1.4625
2.1375 1.4625
2.1375 1.4625
2.25 0.975
2.25 0.975
5.11875 7.06875
5.11875 7.06875
5.175 7.3125
5.175 7.3125
5.00625 7.06875
5.00625 7.06875
4.95 6.3375
4.95 6.3375
5.00625 6.58125
5.00625 6.58125
4.89375 6.58125
4.89375 6.58125
4.6125 6.3375
4.6125 6.3375
4.44375 6.09375
4.44375 6.09375
4.66875 6.09375
4.66875 6.09375
6.00258 0.0025839
6.00258 0.0025839
8 0
8 0
6 3.9
6 3.9
6 5.85
6 5.85
6 1.95
6 1.95
6 6.825
6 6.825
8.36796 1.95
8.36796 1.95
7.00129 0.00129195
7.00129 0.00129195
9 0
9 0
6 4.875
6 4.875
6 2.925
6 2.925
6.00129 0.976292
6.00129 0.976292
6.75 5.85
6.75 5.85
6.75 4.875
6.75 4.875
7.5 3.9
7.5 3.9
7.5 2.925
7.5 2.925
9.25 0.975
9.25 0.975
10.25 0.975
10.25 0.975
7 0.975
7 0.975
6 7.3125
6 7.3125
6 6.3375
6 6.3375
6.375 6.825
6.375 6.825
6.375 6.3375
6.375 6.3375
7.18398 1.95
7.18398 1.95
9.43398 1.95
9.43398 1.95
8.68398 2.925
8.68398 2.925
8.18398 0.975
8.18398 0.975
6.50194 0.00193793
6.50194 0.00193793
7.50065 0.000645976
7.50065 0.000645976
8.5 0
8.5 0
9.5 0
9.5 0
6 5.3625
6 5.3625
6 4.3875
6 4.3875
6 3.4125
6 3.4125
6 2.4375
6 2.4375
6.00065 1.46315
6.00065 1.46315
6.00194 0.489438
6.00194 0.489438
6.375 5.85
6.375 5.85
7.125 5.85
7.125 5.85
6.375 4.3875
6.375 4.3875
7.125 5.3625
7.125 5.3625
6.75 3.9
6.75 3.9
8.25 3.9
8.25 3.9
6.75 2.4375
6.75 2.4375
8.25 3.4125
8.25 3.4125
8.625 0.4875
8.625 0.4875
9.875 1.4625
9.875 1.4625
10.125 0.4875
10.125 0.4875
10.375 1.4625
10.375 1.4625
6.5 1.4625
6.5 1.4625
7.5 0.4875
7.5 0.4875
6 7.55625
6 7.55625
6 7.06875
6 7.06875
6 6.58125
6 6.58125
6 6.09375
6 6.09375
6.1875 6.825
6.1875 6.825
6.5625 6.825
6.5625 6.825
6.1875 6.09375
6.1875 6.09375
6.5625 6.58125
6.5625 6.58125
6.59199 1.95
6.59199 1.95
7.77597 1.95
7.77597 1.95
8.90097 1.95
8.90097 1.95
9.96699 1.95
9.96699 1.95
8.52597 2.4375
8.52597 2.4375
8.84199 3.4125
8.84199 3.4125
8.27597 1.4625
8.27597 1.4625
8.09199 0.4875
8.09199 0.4875
6.375 4.875
6.375 4.875
6.75 5.3625
6.75 5.3625
6.375 5.3625
6.375 5.3625
7.875 4.3875
7.875 4.3875
7.5 4.875
7.5 4.875
7.125 4.3875
7.125 4.3875
6.75 2.925
6.75 2.925
7.5 3.4125
7.5 3.4125
6.75 3.4125
6.75 3.4125
9.625 0.4875
9.625 0.4875
9.75 0.975
9.75 0.975
9.125 0.4875
9.125 0.4875
11.125 0.4875
11.125 0.4875
10.75 0.975
10.75 0.975
10.625 0.4875
10.625 0.4875
6.50065 0.975646
6.50065 0.975646
6.50129 0.488792
6.50129 0.488792
7.00065 0.488146
7.00065 0.488146
6.375 7.06875
6.375 7.06875
6.1875 7.3125
6.1875 7.3125
6.1875 7.06875
6.1875 7.06875
6.1875 6.3375
6.1875 6.3375
6.375 6.58125
6.375 6.58125
6.1875 6.58125
6.1875 6.58125
6.9375 6.09375
6.9375 6.09375
6.75 6.3375
6.75 6.3375
6.5625 6.09375
6.5625 6.09375
9.21699 2.925
9.21699 2.925
9.05898 2.4375
9.05898 2.4375
9.59199 2.4375
9.59199 2.4375
8.09199 2.925
8.09199 2.925
7.34199 2.4375
7.34199 2.4375
7.93398 2.4375
7.93398 2.4375
7.59199 0.975
7.59199 0.975
7.68398 1.4625
7.68398 1.4625
7.09199 1.4625
7.09199 1.4625
8.71699 0.975
8.71699 0.975
9.34199 1.4625
9.34199 1.4625
8.80898 1.4625
8.80898 1.4625
0 0
0 0
2.7 3.89616
2.7 3.89616
4.05 5.85
4.05 5.85
1.35 1.95
1.35 1.95
3.375 4.87308
3.375 4.87308
2.025 2.92308
2.025 2.92308
0.675 0.975
0.675 0.975
3.7125 5.36154
3.7125 5.36154
3.0375 4.38462
3.0375 4.38462
2.3625 3.40962
2.3625 3.40962
1.6875 2.43654
1.6875 2.43654
1.0125 1.4625
1.0125 1.4625
0.3375 0.4875
0.3375 0.4875
6 7.8
6 7.8
5.4 7.8
5.4 7.8
12 0
12 0
9 3.9
9 3.9
7.5 5.85
7.5 5.85
10.5 1.95
10.5 1.95
6.75 6.825
6.75 6.825
4.725 6.825
4.725 6.825
5.7 7.8
5.7 7.8
8.25 4.875
8.25 4.875
9.75 2.925
9.75 2.925
11.25 0.975
11.25 0.975
6.375 7.3125
6.375 7.3125
7.125 6.3375
7.125 6.3375
5.0625 7.3125
5.0625 7.3125
4.3875 6.3375
4.3875 6.3375
5.85 7.8
5.85 7.8
5.55 7.8
5.55 7.8
8.625 4.3875
8.625 4.3875
7.875 5.3625
7.875 5.3625
10.125 2.4375
10.125 2.4375
9.375 3.4125
9.375 3.4125
11.625 0.4875
11.625 0.4875
10.875 1.4625
10.875 1.4625
6.5625 7.06875
6.5625 7.06875
6.1875 7.55625
6.1875 7.55625
7.3125 6.09375
7.3125 6.09375
6.9375 6.58125
6.9375 6.58125
5.23125 7.55625
5.23125 7.55625
4.89375 7.06875
4.89375 7.06875
4.55625 6.58125
4.55625 6.58125
4.21875 6.09375
4.21875 6.09375
1
0 0 0
1 1 0
2 2 0
3 3 0
4 4 0
5 5 0
6 6 0
7 7 0
8 8 1862424775499.638
9 9 -15.20885934398
10 10 2946738027701.331
11 11 -68866.2
12 12 1597441485219.083
13 13 -45910.8
14 14 1727886496156.37
15 15 -22955.40000000002
16 16 5067312991342.22
17 17 -80343.89999999999
18 18 1595493018382.731
19 19 -34433.1
20 20 1830819905754.509
21 21 -11492.90885932589
22 22 3915944090944.821
23 23 -74605.04999999999
24 24 6481386277337.143
25 25 -86082.75
26 26 1969523893538.852
27 27 -57388.5
28 28 1800903368191.044
29 29 -7.604429681458211
30 30 1866431993976.038
31 31 -22.81328900680885
32 32 2722695514777.04
33 33 -68866.2
34 34 3138764413253.597
35 35 -68866.2
36 36 1464139982677.456
37 37 -45910.8
38 38 1701978938552.999
39 39 -45910.8
40 40 1687382337602.611
41 41 -22955.40000000002
42 42 1730027152152.526
43 43 -22955.40000000002
44 44 4983226550071.05
45 45 -80343.89999999999
46 46 5158222973001.958
47 47 -80343.89999999999
48 48 1636663404480.206
49 49 -40171.95
50 50 1600076511382.592
51 51 -28694.25000000001
52 52 1755052428219.008
53 53 -17224.15442966295
54 54 1849172772913.685
55 55 -5761.663288989052
56 56 4351227473930.581
57 57 -77474.47499999999
58 58 3577560467308.472
59 59 -71735.625
60 60 5824310148099.221
61 61 -83213.325
62 62 7226781592965.408
63 63 -88952.175
64 64 2129732716311.025
65 65 -63127.35000000001
66 66 1863972438648.655
67 67 -51649.65
68 68 1661293290475.945
69 69 -28694.25000000001
70 70 1681539393757.273
71 71 -28694.25000000001
72 72 1645508646742.06
73 73 -34433.1
74 74 1568638112416.834
75 75 -40171.95
76 76 1473554634141.312
77 77 -40171.95
78 78 1527269949963.392
79 79 -34433.10000000001
80 80 1821573726464.511
81 81 -11492.90885932589
82 82 1779965974093.2
83 83 -17224.15442966294
84 84 1786343135286.238
85 85 -17224.15442966295
86 86 1791295218799.592
87 87 -11485.30442966299
88 88 1806069028591.279
89 89 -5746.454429663228
90 90 1856354442348.131
91 91 -5754.058859326148
92 92 4041827057943.447
93 93 -74605.04999999999
94 94 4569462836308.612
95 95 -77474.47499999999
96 96 4460059225749.644
97 97 -77474.47499999999
98 98 3746595041418.973
99 99 -74605.04999999999
100 100 3199576723811.269
101 101 -71735.625
102 102 3399471971313.954
103 103 -71735.625
104 104 6435101562526.26
105 105 -86082.75
106 106 5688004475299.435
107 107 -83213.325
108 108 5751016349239.682
109 109 -83213.325
110 110 6522491689333.866
111 111 -86082.75
112 112 7280508577822.468
113 113 -88952.175
114 114 7250937357807.361
115 115 -88952.175
116 116 2111129904295.646
117 117 -57388.5
118 118 2517128365427.742
119 119 -63127.35000000001
120 120 2338868118374.642
121 121 -63127.35000000001
122 122 1726429649338.122
123 123 -57388.5
124 124 1530407972645.612
125 125 -51649.65
126 126 1714806595586.505
127 127 -51649.65
128 128 1682919648243.196
129 129 -2.953714046088501e-08
130 130 1299390538870.258
131 131 -45910.8
132 132 2447168562412.347
133 133 -68866.2
134 134 1609422315701.907
135 135 -22955.40000000003
136 136 1004588684335.574
137 137 -1.387570737719939e-08
138 138 4907931102514.114
139 139 -80343.89999999999
140 140 1425155313025.357
141 141 -57388.5
142 142 1430716676556.653
143 143 -34433.10000000001
144 144 1697782717277.604
145 145 -11477.7000000001
146 146 476227588098.3522
147 147 -1.512260955937777e-08
148 148 1407288166163.079
149 149 -1.842348171159733e-08
150 150 1730024018545.567
151 151 -68866.2
152 152 763808971437.9763
153 153 -45888.2134312997
154 154 1120372646614.05
155 155 -22955.40000000005
156 156 1444201228802.207
157 157 -11477.70000000013
158 158 981157060434.8636
159 159 -57388.5
160 160 1070652156719.482
161 161 -34410.5134312997
162 162 791531874165.3678
163 163 -11477.70000000029
164 164 6404730745573.347
165 165 -86082.75
166 166 3564127831902.565
167 167 -74605.04999999999
168 168 4844831699343.729
169 169 -80343.89999999999
170 170 3398816373489.066
171 171 -74605.04999999999
172 172 1752642697013.602
173 173 -63127.35000000001
174 174 1306610073022.69
175 175 -51649.65
176 176 1348522416786.893
177 177 -40171.95
178 178 1522764187196.913
179 179 -28694.25000000001
180 180 1666101377212.017
181 181 -17216.55000000005
182 182 1702280287193.385
183 183 -5738.850000000389
184 184 177119795716.6999
185 185 -4.411391527977577e-08
186 186 754691452916.3835
187 187 -1.721002878603402e-08
188 188 1221662388116.042
189 189 -1.828269326347122e-08
190 190 1561024134174.067
191 191 -1.857211923838345e-08
192 192 1103545737033.521
193 193 -68866.2
194 194 2143660183269.159
195 195 -68866.2
196 196 416817010227.935
197 197 -45876.92014694954
198 198 1055434237375.173
199 199 -45899.50671564985
200 200 682625551352.181
201 201 -22955.40000000008
202 202 1414510780129.603
203 203 -22955.40000000004
204 204 1262415382337.321
205 205 -5738.85000000047
206 206 1554969465497.799
207 207 -17216.55000000005
208 208 726684794975.4049
209 209 -63127.35000000001
210 210 1153002110790.228
211 211 -51649.65
212 212 611899974272.2386
213 213 -40138.07014694953
214 214 1392346253275.711
215 215 -28682.95671564986
216 216 492424223275.4532
217 217 -17216.55000000018
218 218 932961616584.4746
219 219 -5738.850000000571
220 220 7208227277514.894
221 221 -88952.175
222 222 5638732875944.125
223 223 -83213.325
224 224 4215453663602.284
225 225 -77474.47499999999
226 226 2966722940918.503
227 227 -71735.625
228 228 4822665106482.667
229 229 -80343.89999999999
230 230 4873761791587.38
231 231 -80343.89999999999
232 232 2853428827005.192
233 233 -71735.625
234 234 4060639415775.051
235 235 -77474.47499999999
236 236 1586992277727.528
237 237 -5738.850000000387
238 238 1586978185867.594
239 239 -11477.70000000011
240 240 1440713481401.089
241 241 -5738.85000000042
242 242 488280452856.6804
243 243 -57377.20671564984
244 244 425001382596.3787
245 245 -51627.06343129968
246 246 808418564279.9803
247 247 -51638.35671564985
248 248 1464592439361.457
249 249 -63127.35000000001
250 250 1121447150196.931
251 251 -63127.35000000001
252 252 1213066994923.518
253 253 -57388.5
254 254 639154723211.9512
255 255 -34410.51343129971
256 256 666158014788.394
257 257 -28682.95671564988
258 258 1102650169902.537
259 259 -28682.95671564987
260 260 1158638096408.287
261 261 -40160.65671564986
262 262 916433861698.9674
263 263 -40149.3634312997
264 264 1276658518793.834
265 265 -34421.80671564986
266 266 463875171557.2206
267 267 -11477.7000000005
268 268 377181702497.9852
269 269 -5738.850000001912
270 270 673302023536.075
271 271 -5738.85000000089
272 272 1319893951455.577
273 273 -17216.55000000007
274 274 984199918514.4054
275 275 -17216.55000000011
276 276 1164506761292.963
277 277 -11477.70000000017
278 278 5619405127345.831
279 279 -83213.325
280 280 6396654292637.468
281 281 -86082.75
282 282 5606653861677.854
283 283 -83213.325
284 284 3482482528919.916
285 285 -74605.04999999999
286 286 4160491970244.814
287 287 -77474.47499999999
288 288 4108354163880.318
289 289 -77474.47499999999
290 290 3231981478535.217
291 291 -74605.04999999999
292 292 2293739042990.516
293 293 -71735.625
294 294 2596957932322.633
295 295 -71735.625
296 296 1811439401426.177
297 297 -30.41771867131934
298 298 1207939093118.885
299 299 -1.107530805357483e-08
300 300 1782240253430.765
301 301 -45910.8
302 302 3311916090813.993
303 303 -68866.2
304 304 1693732879728.678
305 305 -22955.40000000001
306 306 5255852754020.129
307 307 -80343.89999999999
308 308 1069749734450.747
309 309 -22955.39999999998
310 310 1588882271571.025
311 311 -15.20885934470614
312 312 664167089791.9967
313 313 -2.081117156570594e-08
314 314 2234766240181.727
315 315 -57388.5
316 316 1656354030894.42
317 317 -34433.1
318 318 1774079846301.082
319 319 -11492.90885932589
320 320 3741504291639.621
321 321 -68866.2
322 322 2528632916054.474
323 323 -57388.49999999999
324 324 1946517024243.999
325 325 -45910.79999999999
326 326 1504944623709.922
327 327 -34433.09999999998
328 328 530402480264.748
329 329 -11477.69999999993
330 330 75776209770.37628
331 331 -11477.69999999966
332 332 1555158887120.813
333 333 -11477.70000000006
334 334 6568491739007.053
335 335 -86082.75
336 336 4163289491925.804
337 337 -74605.04999999999
338 338 5438175759231.453
339 339 -80343.89999999999
340 340 4379240187633.857
341 341 -74605.04999999999
342 342 1458572722776.307
343 343 -22955.4
344 344 666189288387.4175
345 345 -22955.39999999995
346 346 1319224117974.64
347 347 -34433.09999999997
348 348 1089202086495.631
349 349 -11477.70000000002
350 350 1720513982562.186
351 351 -22.81328900754917
352 352 1417582628130.655
353 353 -7.604429681815531
354 354 954683163828.8884
355 355 -1.900076698925763e-08
356 356 340111541694.2485
357 357 -2.68957318180786e-08
358 358 2673185123416.982
359 359 -63127.35000000001
360 360 1950659135522.875
361 361 -51649.65
362 362 1689272848561.894
363 363 -40171.95
364 364 1663298340975.876
365 365 -28694.25
366 366 1735516945435.998
367 367 -17224.15442966294
368 368 1801434816190.32
369 369 -5761.663288989079
370 370 3528781950714.26
371 371 -68866.2
372 372 3962689028339.344
373 373 -68866.2
374 374 2055287552441.018
375 375 -51649.65
376 376 3238015117925.453
377 377 -63127.34999999999
378 378 1880047116322.009
379 379 -45910.8
380 380 2035527033879.935
381 381 -45910.79999999999
382 382 1568421609764.766
383 383 -28694.25
384 384 1652508437302.697
385 385 -40171.94999999998
386 386 879221595412.0436
387 387 -5738.850000000282
388 388 336231852167.8444
389 389 -17216.5499999999
390 390 4309812599.999164
391 391 -5738.849999997818
392 392 216143757332.7068
393 393 -17216.54999999985
394 394 1650640860913.431
395 395 -17216.55000000002
396 396 1408356285197.792
397 397 -5738.850000000337
398 398 7313602201535.93
399 399 -88952.175
400 400 5882770452422.046
401 401 -83213.325
402 402 4679488000285.939
403 403 -77474.47499999999
404 404 3707069247450.542
405 405 -71735.625
406 406 5343893082030.481
407 407 -80343.89999999999
408 408 5538725159672.272
409 409 -80343.89999999999
410 410 3818773332842.765
411 411 -71735.625
412 412 4989389714624.156
413 413 -77474.47499999999
414 414 1601232854806.444
415 415 -22955.40000000001
416 416 1274639697421.341
417 417 -22955.39999999999
418 418 857823432108.4919
419 419 -22955.39999999997
420 420 527714303330.4053
421 421 -22955.39999999993
422 422 1130059891547.411
423 423 -28694.24999999998
424 424 1670821996209.616
425 425 -40171.94999999997
426 426 1050170893996.974
427 427 -17216.54999999998
428 428 1150035214572.328
429 429 -5738.850000000195
430 430 2389356402234.395
431 431 -57388.5
432 432 3053702075850.546
433 433 -63127.34999999999
434 434 2870341937241.326
435 435 -63127.34999999999
436 436 2419608182224.209
437 437 -51649.64999999999
438 438 2814123434011.137
439 439 -57388.49999999999
440 440 2230791194230.841
441 441 -51649.64999999999
442 442 1608798562583.778
443 443 -34433.1
444 444 1679094477771.95
445 445 -40171.94999999998
446 446 1706448225499.323
447 447 -40171.95
448 448 273489650973.802
449 449 -5738.849999999521
450 450 265561461590.9216
451 451 -11477.69999999982
452 452 585539253499.2565
453 453 -5738.850000000069
454 454 3605192301.237626
455 455 -5738.84999999959
456 456 55782312728.89945
457 457 -11477.69999999978
458 458 2397915766.605537
459 459 -5738.849999999684
460 460 1684828032890.526
461 461 -11485.30442966298
462 462 1710891799900.533
463 463 -5754.058859326159
464 464 1579589004248.482
465 465 -5746.454429663239
466 466 6045428701710.632
467 467 -83213.325
468 468 6632433459214.942
469 469 -86082.75
470 470 5960661849060.221
471 471 -83213.325
472 472 4271403332167.914
473 473 -74605.04999999999
474 474 4882660946040.327
475 475 -77474.47499999999
476 476 4779887986598.56
477 477 -77474.47499999999
478 478 4265166002396.012
479 479 -71735.625
480 480 4603506295412.016
481 481 -74605.04999999999
482 482 4038240994370.984
483 483 -71735.625
484 484 1283857964244.197
485 485 -34433.09999999997
486 486 989687170800.5743
487 487 -28694.24999999996
488 488 896698184181.8016
489 489 -28694.24999999995
490 490 1406363110658.062
491 491 -34433.09999999998
492 492 1444996485859.556
493 493 -28694.24999999999
494 494 1292464938014.101
495 495 -28694.24999999999
496 496 1349414131709.792
497 497 -11477.70000000005
498 498 1296609878488.278
499 499 -17216.55
500 500 1499275316127.939
501 501 -17216.55000000001
502 502 823270739633.0985
503 503 -11477.69999999999
504 504 552670507432.7891
505 505 -17216.54999999993
506 506 804432493415.8014
507 507 -17216.54999999996
508 508 1
509 509 688.6619999999999
510 510 1
511 511 -45865.62686259934
512 512 1
513 513 -68866.19999999965
514 514 1
515 515 -22955.39999999953
516 516 1
517 517 -57365.91343129968
518 518 1
519 519 -34410.51343129958
520 520 1
521 521 -11477.69999999698
522 522 1
523 523 -63116.05671564981
524 524 1
525 525 -51615.77014694952
526 526 1
527 527 -40138.07014694947
528 528 1
529 529 -28682.95671564963
530 530 1
531 531 -17216.5499999987
532 532 1
533 533 -5738.84999998921
534 534 8124280844061.731
535 535 -91821.6000000007
536 536 8049283717834.029
537 537 -91821.60000000047
538 538 5956546914.881304
539 539 -9.838187890285416e-09
540 540 2203138660887.264
541 541 -45910.80000000019
542 542 4201775760256.046
543 543 -68866.2000000002
544 544 475378865090.9202
545 545 -22955.40000000042
546 546 5646051154535.63
547 547 -80343.9000000004
548 548 4809174111219.964
549 549 -80343.90000000061
550 550 8083643459918.621
551 551 -91821.60000000047
552 552 3184092046365.983
553 553 -57388.50000000017
554 554 1332207537883.324
555 555 -34433.10000000041
556 556 81263386449.22748
557 557 -11477.70000000112
558 558 6704690062611.326
559 559 -86082.75000000049
560 560 4850189358733.108
561 561 -74605.05000000028
562 562 6395670010267.203
563 563 -86082.75000000076
564 564 3087693831613.821
565 565 -74605.05000000042
566 566 8105763453212.656
567 567 -91821.60000000047
568 568 8063719813391.108
569 569 -91821.60000000047
570 570 2701548135981.817
571 571 -51649.65000000019
572 572 3676845086608.078
573 573 -63127.35000000017
574 574 892208421819.6833
575 575 -28694.25000000047
576 576 1780152891377.23
577 577 -40171.95000000035
578 578 13298985069.94164
579 579 -5738.850000001858
580 580 230220426455.8621
581 581 -17216.55000000079
582 582 6138171387211.742
583 583 -83213.32500000052
584 584 7360102025622.205
585 585 -88952.1750000005
586 586 4514264379983.146
587 587 -71735.62500000029
588 588 5223567569352.021
589 589 -77474.47500000025
590 590 7208104233437.976
591 591 -88952.17500000073
592 592 5601592179262.439
593 593 -83213.32500000078
594 594 3988301469148.144
595 595 -77474.4750000004
596 596 1973908050648.222
597 597 -71735.62500000044
