1
2
598
10 0
10 0
11 0
11 0
10.5 0
10.5 0
11.5 0
11.5 0
4.80129 0.00129195
4.80129 0.00129195
5.475 5.85
5.475 5.85
5.25 3.9
5.25 3.9
5.025 1.95
5.025 1.95
5.5875 6.825
5.5875 6.825
5.025 2.925
5.025 2.925
5.02629 0.976292
5.02629 0.976292
5.5875 6.3375
5.5875 6.3375
5.7 7.3125
5.7 7.3125
5.475 4.875
5.475 4.875
4.20065 0.000645976
4.20065 0.000645976
5.40194 0.00193793
5.40194 0.00193793
5.2125 5.85
5.2125 5.85
5.7375 5.85
5.7375 5.85
4.875 3.9
4.875 3.9
5.625 3.9
5.625 3.9
4.5375 1.95
4.5375 1.95
5.5125 1.95
5.5125 1.95
5.38125 6.825
5.38125 6.825
5.79375 6.825
5.79375 6.825
5.5125 3.4125
5.5125 3.4125
4.5375 2.4375
4.5375 2.4375
4.53815 1.46315
4.53815 1.46315
5.51444 0.489438
5.51444 0.489438
5.38125 6.58125
5.38125 6.58125
5.79375 6.09375
5.79375 6.09375
5.85 7.06875
5.85 7.06875
5.55 7.55625
5.55 7.55625
5.2125 5.3625
5.2125 5.3625
5.7375 4.3875
5.7375 4.3875
5.025 2.4375
5.025 2.4375
5.5125 2.4375
5.5125 2.4375
5.5125 2.925
5.5125 2.925
5.1375 3.4125
5.1375 3.4125
4.7625 3.4125
4.7625 3.4125
4.65 2.925
4.65 2.925
5.51379 0.976292
5.51379 0.976292
5.51315 1.46315
5.51315 1.46315
5.02565 1.46315
5.02565 1.46315
4.42565 0.975646
4.42565 0.975646
4.31315 0.488146
4.31315 0.488146
4.91379 0.488792
4.91379 0.488792
5.79375 6.3375
5.79375 6.3375
5.79375 6.58125
5.79375 6.58125
5.5875 6.58125
5.5875 6.58125
5.325 6.3375
5.325 6.3375
5.26875 6.09375
5.26875 6.09375
5.53125 6.09375
5.53125 6.09375
5.49375 7.3125
5.49375 7.3125
5.4375 7.06875
5.4375 7.06875
5.64375 7.06875
5.64375 7.06875
5.85 7.3125
5.85 7.3125
5.85 7.55625
5.85 7.55625
5.7 7.55625
5.7 7.55625
5.7375 4.875
5.7375 4.875
5.7375 5.3625
5.7375 5.3625
5.475 5.3625
5.475 5.3625
5.1 4.875
5.1 4.875
4.9875 4.3875
4.9875 4.3875
5.3625 4.3875
5.3625 4.3875
3.6 0
3.6 0
4.5 3.9
4.5 3.9
4.95 5.85
4.95 5.85
4.05 1.95
4.05 1.95
1.8 0
1.8 0
5.175 6.825
5.175 6.825
4.725 4.875
4.725 4.875
4.275 2.925
4.275 2.925
3.825 0.975
3.825 0.975
0.9 0
0.9 0
2.7 0
2.7 0
4.5 5.85
4.5 5.85
3.6 3.89808
3.6 3.89808
2.7 1.95
2.7 1.95
2.925 0.975
2.925 0.975
4.275 4.875
4.275 4.875
3.375 2.92308
3.375 2.92308
1.575 0.975
1.575 0.975
5.2875 7.3125
5.2875 7.3125
5.0625 6.3375
5.0625 6.3375
4.95 6.825
4.95 6.825
4.8375 6.3375
4.8375 6.3375
4.8375 5.3625
4.8375 5.3625
4.6125 4.3875
4.6125 4.3875
4.3875 3.4125
4.3875 3.4125
4.1625 2.4375
4.1625 2.4375
3.9375 1.4625
3.9375 1.4625
3.7125 0.4875
3.7125 0.4875
0.45 0
0.45 0
1.35 0
1.35 0
2.25 0
2.25 0
3.15 0
3.15 0
4.275 5.85
4.275 5.85
4.725 5.85
4.725 5.85
3.15 3.89712
3.15 3.89712
4.05 3.89904
4.05 3.89904
2.025 1.95
2.025 1.95
3.375 1.95
3.375 1.95
2.3625 0.4875
2.3625 0.4875
3.4875 1.4625
3.4875 1.4625
4.1625 5.3625
4.1625 5.3625
4.3875 4.3875
4.3875 4.3875
3.0375 3.40962
3.0375 3.40962
3.7125 2.43654
3.7125 2.43654
1.4625 1.4625
1.4625 1.4625
1.6875 0.4875
1.6875 0.4875
5.34375 7.55625
5.34375 7.55625
5.23125 7.06875
5.23125 7.06875
5.11875 6.58125
5.11875 6.58125
5.00625 6.09375
5.00625 6.09375
4.8375 6.825
4.8375 6.825
5.0625 6.825
5.0625 6.825
4.89375 6.09375
4.89375 6.09375
4.78125 6.58125
4.78125 6.58125
3.2625 0.4875
3.2625 0.4875
3.375 0.975
3.375 0.975
2.8125 0.4875
2.8125 0.4875
3.825 4.87404
3.825 4.87404
3.4875 4.38558
3.4875 4.38558
3.9375 4.38654
3.9375 4.38654
4.6125 5.3625
4.6125 5.3625
4.3875 5.3625
4.3875 5.3625
4.5 4.875
4.5 4.875
2.7 2.92308
2.7 2.92308
2.3625 2.43654
2.3625 2.43654
3.0375 2.43654
3.0375 2.43654
3.9375 3.41154
3.9375 3.41154
3.4875 3.41058
3.4875 3.41058
3.825 2.92404
3.825 2.92404
1.125 0.975
1.125 0.975
0.7875 0.4875
0.7875 0.4875
1.2375 0.4875
1.2375 0.4875
2.8125 1.4625
2.8125 1.4625
2.1375 1.4625
2.1375 1.4625
2.25 0.975
2.25 0.975
5.11875 7.06875
5.11875 7.06875
5.175 7.3125
5.175 7.3125
5.00625 7.06875
5.00625 7.06875
4.95 6.3375
4.95 6.3375
5.00625 6.58125
5.00625 6.58125
4.89375 6.58125
4.89375 6.58125
4.6125 6.3375
4.6125 6.3375
4.44375 6.09375
4.44375 6.09375
4.66875 6.09375
4.66875 6.09375
6.00258 0.0025839
6.00258 0.0025839
8 0
8 0
6 3.9
6 3.9
6 5.85
6 5.85
6 1.95
6 1.95
6 6.825
6 6.825
8.36796 1.95
8.36796 1.95
7.00129 0.00129195
7.00129 0.00129195
9 0
9 0
6 4.875
6 4.875
6 2.925
6 2.925
6.00129 0.976292
6.00129 0.976292
6.75 5.85
6.75 5.85
6.75 4.875
6.75 4.875
7.5 3.9
7.5 3.9
7.5 2.925
7.5 2.925
9.25 0.975
9.25 0.975
10.25 0.975
10.25 0.975
7 0.975
7 0.975
6 7.3125
6 7.3125
6 6.3375
6 6.3375
6.375 6.825
6.375 6.825
6.375 6.3375
6.375 6.3375
7.18398 1.95
7.18398 1.95
9.43398 1.95
9.43398 1.95
8.68398 2.925
8.68398 2.925
8.18398 0.975
8.18398 0.975
6.50194 0.00193793
6.50194 0.00193793
7.50065 0.000645976
7.50065 0.000645976
8.5 0
8.5 0
9.5 0
9.5 0
6 5.3625
6 5.3625
6 4.3875
6 4.3875
6 3.4125
6 3.4125
6 2.4375
6 2.4375
6.00065 1.46315
6.00065 1.46315
6.00194 0.489438
6.00194 0.489438
6.375 5.85
6.375 5.85
7.125 5.85
7.125 5.85
6.375 4.3875
6.375 4.3875
7.125 5.3625
7.125 5.3625
6.75 3.9
6.75 3.9
8.25 3.9
8.25 3.9
6.75 2.4375
6.75 2.4375
8.25 3.4125
8.25 3.4125
8.625 0.4875
8.625 0.4875
9.875 1.4625
9.875 1.4625
10.125 0.4875
10.125 0.4875
10.375 1.4625
10.375 1.4625
6.5 1.4625
6.5 1.4625
7.5 0.4875
7.5 0.4875
6 7.55625
6 7.55625
6 7.06875
6 7.06875
6 6.58125
6 6.58125
6 6.09375
6 6.09375
6.1875 6.825
6.1875 6.825
6.5625 6.825
6.5625 6.825
6.1875 6.09375
6.1875 6.09375
6.5625 6.58125
6.5625 6.58125
6.59199 1.95
6.59199 1.95
7.77597 1.95
7.77597 1.95
8.90097 1.95
8.90097 1.95
9.96699 1.95
9.96699 1.95
8.52597 2.4375
8.52597 2.4375
8.84199 3.4125
8.84199 3.4125
8.27597 1.4625
8.27597 1.4625
8.09199 0.4875
8.09199 0.4875
6.375 4.875
6.375 4.875
6.75 5.3625
6.75 5.3625
6.375 5.3625
6.375 5.3625
7.875 4.3875
7.875 4.3875
7.5 4.875
7.5 4.875
7.125 4.3875
7.125 4.3875
6.75 2.925
6.75 2.925
7.5 3.4125
7.5 3.4125
6.75 3.4125
6.75 3.4125
9.625 0.4875
9.625 0.4875
9.75 0.975
9.75 0.975
9.125 0.4875
9.125 0.4875
11.125 0.4875
11.125 0.4875
10.75 0.975
10.75 0.975
10.625 0.4875
10.625 0.4875
6.50065 0.975646
6.50065 0.975646
6.50129 0.488792
6.50129 0.488792
7.00065 0.488146
7.00065 0.488146
6.375 7.06875
6.375 7.06875
6.1875 7.3125
6.1875 7.3125
6.1875 7.06875
6.1875 7.06875
6.1875 6.3375
6.1875 6.3375
6.375 6.58125
6.375 6.58125
6.1875 6.58125
6.1875 6.58125
6.9375 6.09375
6.9375 6.09375
6.75 6.3375
6.75 6.3375
6.5625 6.09375
6.5625 6.09375
9.21699 2.925
9.21699 2.925
9.05898 2.4375
9.05898 2.4375
9.59199 2.4375
9.59199 2.4375
8.09199 2.925
8.09199 2.925
7.34199 2.4375
7.34199 2.4375
7.93398 2.4375
7.93398 2.4375
7.59199 0.975
7.59199 0.975
7.68398 1.4625
7.68398 1.4625
7.09199 1.4625
7.09199 1.4625
8.71699 0.975
8.71699 0.975
9.34199 1.4625
9.34199 1.4625
8.80898 1.4625
8.80898 1.4625
0 0
0 0
2.7 3.89616
2.7 3.89616
4.05 5.85
4.05 5.85
1.35 1.95
1.35 1.95
3.375 4.87308
3.375 4.87308
2.025 2.92308
2.025 2.92308
0.675 0.975
0.675 0.975
3.7125 5.36154
3.7125 5.36154
3.0375 4.38462
3.0375 4.38462
2.3625 3.40962
2.3625 3.40962
1.6875 2.43654
1.6875 2.43654
1.0125 1.4625
1.0125 1.4625
0.3375 0.4875
0.3375 0.4875
6 7.8
6 7.8
5.4 7.8
5.4 7.8
12 0
12 0
9 3.9
9 3.9
7.5 5.85
7.5 5.85
10.5 1.95
10.5 1.95
6.75 6.825
6.75 6.825
4.725 6.825
4.725 6.825
5.7 7.8
5.7 7.8
8.25 4.875
8.25 4.875
9.75 2.925
9.75 2.925
11.25 0.975
11.25 0.975
6.375 7.3125
6.375 7.3125
7.125 6.3375
7.125 6.3375
5.0625 7.3125
5.0625 7.3125
4.3875 6.3375
4.3875 6.3375
5.85 7.8
5.85 7.8
5.55 7.8
5.55 7.8
8.625 4.3875
8.625 4.3875
7.875 5.3625
7.875 5.3625
10.125 2.4375
10.125 2.4375
9.375 3.4125
9.375 3.4125
11.625 0.4875
11.625 0.4875
10.875 1.4625
10.875 1.4625
6.5625 7.06875
6.5625 7.06875
6.1875 7.55625
6.1875 7.55625
7.3125 6.09375
7.3125 6.09375
6.9375 6.58125
6.9375 6.58125
5.23125 7.55625
5.23125 7.55625
4.89375 7.06875
4.89375 7.06875
4.55625 6.58125
4.55625 6.58125
4.21875 6.09375
4.21875 6.09375
1
0 0 0
1 1 0
2 2 0
3 3 0
4 4 0
5 5 0
6 6 0
7 7 0
8 8 -6121200.955595338
9 9 5362914628.871439
10 10 0
11 11 -2.602085213965211e-18
12 12 0
13 13 -9.540979117872439e-18
14 14 0
15 15 2.321276851291465e-16
16 16 0
17 17 -6.423897871976614e-18
18 18 0
19 19 -2.894819800536297e-17
20 20 0
21 21 1.413908053138346e-15
22 22 0
23 23 5.285485590866834e-18
24 24 0
25 25 3.035766082959412e-18
26 26 0
27 27 8.348356728138384e-18
28 28 11278047.90618298
29 29 -16037208081.74614
30 30 -191806.7244475246
31 31 95942222.12403154
32 32 0
33 33 1.409462824231156e-18
34 34 0
35 35 1.572093150103981e-17
36 36 0
37 37 5.854691731421724e-18
38 38 0
39 39 8.565197162635485e-18
40 40 0
41 41 1.409462824231156e-16
42 42 0
43 43 9.681925400295555e-17
44 44 0
45 45 3.225501463144376e-18
46 46 0
47 47 1.978668964786046e-18
48 48 0
49 49 -5.171644362755856e-17
50 50 0
51 51 -1.031076266033715e-16
52 52 0
53 53 8.425335082384855e-16
54 54 -36793.829237048
55 55 100608251.0900424
56 56 0
57 57 -6.261267546103788e-18
58 58 0
59 59 -1.31188462870746e-17
60 60 0
61 61 -9.215718466126788e-19
62 62 0
63 63 2.233700420808948e-15
64 64 0
65 65 -1.691355389077387e-17
66 66 0
67 67 2.688821387764051e-17
68 68 0
69 69 1.834470075845474e-16
70 70 0
71 71 3.200564813177209e-16
72 72 0
73 73 5.876375774871434e-17
74 74 0
75 75 1.137057028394173e-16
76 76 0
77 77 -4.109126233720062e-17
78 78 0
79 79 1.788933584601082e-17
80 80 0
81 81 5.878218918564659e-15
82 82 0
83 83 -7.041893110293351e-16
84 84 0
85 85 3.464457927894286e-16
86 86 0
87 87 -3.782130858498434e-15
88 88 -2255266.14714459
89 89 6215011043.046659
90 90 -134076.3427880511
91 91 369417271.1993765
92 92 0
93 93 6.288372600415926e-18
94 94 0
95 95 4.662069341687669e-18
96 96 0
97 97 -2.303929616531696e-18
98 98 0
99 99 1.788933584601082e-18
100 100 0
101 101 1.599198204416119e-18
102 102 0
103 103 -1.497554250745603e-18
104 104 0
105 105 7.426784881525705e-18
106 106 0
107 107 -3.496552006265752e-18
108 108 0
109 109 4.47911022508074e-18
110 110 0
111 111 1.265806036376826e-17
112 112 0
113 113 1.895375132884847e-15
114 114 0
115 115 1.88260865230383e-15
116 116 0
117 117 -2.173825355833436e-17
118 118 0
119 119 1.192622389734055e-18
120 120 0
121 121 -1.105886215935215e-17
122 122 0
123 123 -1.615461237003402e-17
124 124 0
125 125 -1.534146074066989e-17
126 126 0
127 127 -9.947554932554503e-18
128 128 2406073.896844136
129 129 -3694186651.582426
130 130 0
131 131 -6.537739100087592e-17
132 132 0
133 133 1.233279971202261e-17
134 134 0
135 135 4.428559298788604e-16
136 136 -1213461.865911485
137 137 -250562832.1638367
138 138 0
139 139 -3.279711571768651e-18
140 140 0
141 141 -4.838252194716564e-18
142 142 0
143 143 -5.753047777751208e-17
144 144 0
145 145 1.796143529048111e-15
146 146 642617.1279440369
147 147 -2612929513.724229
148 148 896481.3669268892
149 149 -2152662525.167304
150 150 0
151 151 1.241411487495903e-17
152 152 0
153 153 -8.868773770931426e-17
154 154 0
155 155 6.452303968895734e-15
156 156 0
157 157 -2.006099279749929e-15
158 158 0
159 159 5.312590645178972e-18
160 160 0
161 161 -2.405302519659092e-16
162 162 0
163 163 -7.15388387634644e-13
164 164 0
165 165 -4.831475931138529e-18
166 166 0
167 167 8.741380015664379e-19
168 168 0
169 169 3.117081245895825e-19
170 170 0
171 171 2.719992200223009e-17
172 172 0
173 173 -2.333745176275048e-17
174 174 0
175 175 -1.975958459354832e-17
176 176 0
177 177 1.117541389289434e-16
178 178 0
179 179 2.870425251655373e-16
180 180 0
181 181 2.077155179629198e-15
182 182 -2004601.550215358
183 183 4847536669.756979
184 184 0
185 185 -0.002717899382603689
186 186 1402456.857084625
187 187 -2893556364.035508
188 188 1488580.476719294
189 189 -2896158884.058414
190 190 -1150603.885340136
191 191 -51374062.57687223
192 192 0
193 193 9.931562950510342e-15
194 194 0
195 195 -3.035766082959412e-18
196 196 0
197 197 1.756044311698735e-14
198 198 0
199 199 -5.57822017743792e-17
200 200 0
201 201 3.303717976271825e-13
202 202 0
203 203 8.633501899502072e-16
204 204 -924389.7920006862
205 205 2607744941.952717
206 206 0
207 207 3.136813725435061e-15
208 208 0
209 209 6.421892097957516e-15
210 210 0
211 211 1.867538242106281e-17
212 212 0
213 213 1.15431210596928e-14
214 214 0
215 215 6.341498506867715e-16
216 216 0
217 217 -0.002905178034813334
218 218 -869795.7522483259
219 219 2450879606.63694
220 220 0
221 221 1.390861303083094e-14
222 222 0
223 223 2.087089182034596e-18
224 224 0
225 225 5.759824041329242e-18
226 226 0
227 227 1.490100360809765e-17
228 228 0
229 229 1.243365761911808e-14
230 230 0
231 231 1.626303258728257e-19
232 232 0
233 233 -4.373400513263404e-17
234 234 0
235 235 4.315036555065793e-15
236 236 -676297.7610213655
237 237 1831603089.122619
238 238 0
239 239 2.161091401317594e-14
240 240 -742492.7928410062
241 241 2011789026.230074
242 242 0
243 243 8.382509096571678e-15
244 244 0
245 245 1.262375891753625e-14
246 246 0
247 247 7.318364664277155e-18
248 248 0
249 249 -1.830946418784896e-17
250 250 0
251 251 -3.072357906280798e-17
252 252 0
253 253 -3.014082039509702e-17
254 254 0
255 255 2.148444182975551e-14
256 256 0
257 257 4.346609877581287e-14
258 258 0
259 259 2.208519825352973e-16
260 260 0
261 261 -7.464731957562698e-17
262 262 0
263 263 -2.352176613207302e-16
264 264 0
265 265 -1.553661713171728e-16
266 266 2.477517344323983e-07
267 267 -0.005691476580829677
268 268 -840664.7441978009
269 269 2238605734.949453
270 270 -883930.0240191387
271 271 2398991708.534046
272 272 0
273 273 1.531966827700293e-14
274 274 0
275 275 -8.556198284603855e-15
276 276 0
277 277 3.119737541218415e-14
278 278 0
279 279 -1.084202172485504e-18
280 280 0
281 281 1.550739788316879e-14
282 282 0
283 283 1.60429124412137e-14
284 284 0
285 285 -3.350184712980209e-17
286 286 0
287 287 -8.639736061993863e-18
288 288 0
289 289 -2.347975329788921e-17
290 290 0
291 291 4.448617038979585e-15
292 292 0
293 293 4.613720701058394e-15
294 294 0
295 295 -1.192622389734055e-17
296 296 -61599.52160215117
297 297 32398555.59092126
298 298 -2248864.725338517
299 299 1984510121.234392
300 300 0
301 301 -2.862293735361732e-17
302 302 0
303 303 -3.74049749507499e-18
304 304 0
305 305 -1.702197410802242e-17
306 306 0
307 307 1.076070656191863e-17
308 308 0
309 309 -7.589415207398531e-17
310 310 -1401994.255575276
311 311 1428936421.977174
312 312 -13509.66628688859
313 313 -768721.0436796583
314 314 0
315 315 -1.509209424099822e-17
316 316 0
317 317 -1.006790137370039e-16
318 318 0
319 319 2.426292525487645e-15
320 320 0
321 321 -1.111307226797642e-17
322 322 0
323 323 4.662069341687669e-18
324 324 0
325 325 -6.396792817664476e-18
326 326 0
327 327 -4.011548038196366e-18
328 328 0
329 329 4.18632142840103e-15
330 330 0
331 331 3.059027640570089e-14
332 332 0
333 333 -4.011873298848112e-15
334 334 0
335 335 -1.154675313697062e-17
336 336 0
337 337 -2.113652135260491e-17
338 338 0
339 339 -5.068645156369733e-18
340 340 0
341 341 -9.215718466126788e-19
342 342 0
343 343 -1.749902306391604e-16
344 344 0
345 345 3.383794980327259e-16
346 346 0
347 347 -2.350008208862331e-17
348 348 0
349 349 -4.60521649026796e-15
350 350 -31047.48012322513
351 351 -1866026.163633924
352 352 4443552.639374274
353 353 -5537403675.448478
354 354 113856.7806587747
355 355 -176856860.3925597
356 356 -37389.80879836973
357 357 39317212.87515496
358 358 0
359 359 -3.511730836680549e-17
360 360 0
361 361 -2.099015405931937e-17
362 362 0
363 363 7.886486602659559e-17
364 364 0
365 365 4.215378046623641e-16
366 366 0
367 367 7.3079546293554e-16
368 368 -15462.23218609335
369 369 41897610.86784112
370 370 0
371 371 2.38524477946811e-18
372 372 0
373 373 2.51914374777007e-15
374 374 0
375 375 -2.667137344314341e-17
376 376 0
377 377 7.853960537484994e-16
378 378 0
379 379 4.662069341687669e-18
380 380 0
381 381 1.620231726562338e-15
382 382 0
383 383 -9.855397747893235e-17
384 384 0
385 385 -1.6978606021123e-16
386 386 -42518.91868789236
387 387 115030029.2758241
388 388 0
389 389 1.48915168390884e-15
390 390 292.7066556716358
391 391 -909412.0723171594
392 392 0
393 393 9.979186530936768e-15
394 394 0
395 395 4.968898556501067e-16
396 396 -600177.2465479597
397 397 1658629693.511456
398 398 0
399 399 7.248048732380607e-15
400 400 0
401 401 1.967284841974948e-17
402 402 0
403 403 2.916503843986007e-17
404 404 0
405 405 -2.032879073410321e-18
406 406 0
407 407 -8.077306185017008e-18
408 408 0
409 409 5.993496714554181e-15
410 410 0
411 411 -5.854691731421724e-18
412 412 0
413 413 1.480207015985835e-15
414 414 0
415 415 4.037568890336019e-16
416 416 0
417 417 -2.35380291646603e-16
418 418 0
419 419 3.187554387107383e-16
420 420 0
421 421 6.209117421607235e-15
422 422 0
423 423 9.389190813724468e-17
424 424 0
425 425 3.204278205617972e-15
426 426 0
427 427 1.166520222431466e-15
428 428 -43906.64577214259
429 429 159385476.5425013
430 430 0
431 431 -4.499439015814843e-18
432 432 0
433 433 -4.228388472693462e-19
434 434 0
435 435 6.23416249179165e-18
436 436 0
437 437 1.2771359490793e-15
438 438 0
439 439 1.188936102347604e-15
440 440 0
441 441 4.499439015814843e-18
442 442 0
443 443 1.385610376436475e-16
444 444 0
445 445 2.025289658202923e-17
446 446 0
447 447 -2.125036258071589e-17
448 448 506.1229962791499
449 449 -2273550.665861848
450 450 0
451 451 1.130779497815482e-14
452 452 -10953.42008172592
453 453 27839296.71758147
454 454 -1.370881014647169e-08
455 455 6.070182173600362e-05
456 456 0
457 457 1.503213786085977e-14
458 458 0
459 459 2.760763622919327e-14
460 460 0
461 461 -3.306491365429043e-15
462 462 -25642.67698100023
463 463 68662639.97597466
464 464 -87830.31871974764
465 465 214292600.2028779
466 466 0
467 467 6.859183360186094e-15
468 468 0
469 469 6.625803421547727e-15
470 470 0
471 471 -1.788933584601082e-18
472 472 0
473 473 4.580754178751256e-18
474 474 0
475 475 3.491130995403324e-18
476 476 0
477 477 -2.360850230587186e-17
478 478 0
479 479 1.982246831955248e-15
480 480 0
481 481 1.873935034923946e-15
482 482 0
483 483 -8.023096076392733e-18
484 484 0
485 485 3.848700871889044e-15
486 486 0
487 487 1.665876638023978e-16
488 488 0
489 489 4.72535964350651e-15
490 490 0
491 491 4.011548038196366e-18
492 492 0
493 493 2.6197034992681e-16
494 494 0
495 495 2.725684261628558e-16
496 496 0
497 497 3.173459758865071e-15
498 498 0
499 499 -1.685934378214959e-16
500 500 0
501 501 1.597937819390605e-15
502 502 0
503 503 2.572811755308102e-15
504 504 0
505 505 1.093024867664105e-15
506 506 0
507 507 -9.638557313396134e-17
508 508 0
509 509 0
510 510 0
511 511 -0.0007081961625163252
512 512 0
513 513 -0.0005311471218858563
514 514 0
515 515 -0.001076458167726858
516 516 0
517 517 -0.000708196162509527
518 518 0
519 519 -0.0007081961625260102
520 520 0
521 521 0
522 522 0
523 523 -0.0007081961625065515
524 524 0
525 525 -0.0007081961625150796
526 526 0
527 527 -0.000708196162514194
528 528 0
529 529 -0.0007081961624938269
530 530 0
531 531 0
532 532 0
533 533 0
534 534 0
535 535 -0.0003540980812544049
536 536 0
537 537 -0.0003344259656276258
538 538 1.446860009206843e-07
539 539 7.234299453895983e-07
540 540 0
541 541 -0.0007868846250016904
542 542 0
543 543 -0.0005901634687513538
544 544 0
545 545 -0.0007868846250045966
546 546 0
547 547 -0.0003934423125047189
548 548 0
549 549 -0.0003540980812610344
550 550 0
551 551 -0.0003147538500018807
552 552 0
553 553 -0.0007868846250012578
554 554 0
555 555 -0.0007868846250041099
556 556 0
557 557 -0.0007868846250128282
558 558 0
559 559 -0.0003934423125067079
560 560 0
561 561 -0.0003934423125019565
562 562 0
563 563 -0.0003540980812656164
564 564 0
565 565 -0.0003540980812545263
566 566 0
567 567 -0.0003147538500006347
568 568 0
569 569 -0.0003147538500018292
570 570 0
571 571 -0.000786884625001466
572 572 0
573 573 -0.0007868846250010473
574 574 0
575 575 -0.0007868846250049486
576 576 0
577 577 -0.0007868846250036487
578 578 6.320881335361077e-08
579 579 -0.000979611884219202
580 580 0
581 581 -0.0007868846250080773
582 582 0
583 583 -0.0003934423125069569
584 584 0
585 585 -0.0003934423125065305
586 586 0
587 587 -0.0003934423125022854
588 588 0
589 589 -0.0003934423125015161
590 590 0
591 591 -0.0003540980812649714
592 592 0
593 593 -0.0003540980812660146
594 594 0
595 595 -0.0003540980812542036
596 596 0
597 597 -0.0003540980812545131
