1
2
598
10 0
10 0
11 0
11 0
10.5 0
10.5 0
11.5 0
11.5 0
4.80129 0.00129195
4.80129 0.00129195
5.475 5.85
5.475 5.85
5.25 3.9
5.25 3.9
5.025 1.95
5.025 1.95
5.5875 6.825
5.5875 6.825
5.025 2.925
5.025 2.925
5.02629 0.976292
5.02629 0.976292
5.5875 6.3375
5.5875 6.3375
5.7 7.3125
5.7 7.3125
5.475 4.875
5.475 4.875
4.20065 0.000645976
4.20065 0.000645976
5.40194 0.00193793
5.40194 0.00193793
5.2125 5.85
5.2125 5.85
5.7375 5.85
5.7375 5.85
4.875 3.9
4.875 3.9
5.625 3.9
5.625 3.9
4.5375 1.95
4.5375 1.95
5.5125 1.95
5.5125 1.95
5.38125 6.825
5.38125 6.825
5.79375 6.825
5.79375 6.825
5.5125 3.4125
5.5125 3.4125
4.5375 2.4375
4.5375 2.4375
4.53815 1.46315
4.53815 1.46315
5.51444 0.489438
5.51444 0.489438
5.38125 6.58125
5.38125 6.58125
5.79375 6.09375
5.79375 6.09375
5.85 7.06875
5.85 7.06875
5.55 7.55625
5.55 7.55625
5.2125 5.3625
5.2125 5.3625
5.7375 4.3875
5.7375 4.3875
5.025 2.4375
5.025 2.4375
5.5125 2.4375
5.5125 2.4375
5.5125 2.925
5.5125 2.925
5.1375 3.4125
5.1375 3.4125
4.7625 3.4125
4.7625 3.4125
4.65 2.925
4.65 2.925
5.51379 0.976292
5.51379 0.976292
5.51315 1.46315
5.51315 1.46315
5.02565 1.46315
5.02565 1.46315
4.42565 0.975646
4.42565 0.975646
4.31315 0.488146
4.31315 0.488146
4.91379 0.488792
4.91379 0.488792
5.79375 6.3375
5.79375 6.3375
5.79375 6.58125
5.79375 6.58125
5.5875 6.58125
5.5875 6.58125
5.325 6.3375
5.325 6.3375
5.26875 6.09375
5.26875 6.09375
5.53125 6.09375
5.53125 6.09375
5.49375 7.3125
5.49375 7.3125
5.4375 7.06875
5.4375 7.06875
5.64375 7.06875
5.64375 7.06875
5.85 7.3125
5.85 7.3125
5.85 7.55625
5.85 7.55625
5.7 7.55625
5.7 7.55625
5.7375 4.875
5.7375 4.875
5.7375 5.3625
5.7375 5.3625
5.475 5.3625
5.475 5.3625
5.1 4.875
5.1 4.875
4.9875 4.3875
4.9875 4.3875
5.3625 4.3875
5.3625 4.3875
3.6 0
3.6 0
4.5 3.9
4.5 3.9
4.95 5.85
4.95 5.85
4.05 1.95
4.05 1.95
1.8 0
1.8 0
5.175 6.825
5.175 6.825
4.725 4.875
4.725 4.875
4.275 2.925
4.275 2.925
3.825 0.975
3.825 0.975
0.9 0
0.9 0
2.7 0
2.7 0
4.5 5.85
4.5 5.85
3.6 3.89808
3.6 3.89808
2.7 1.95
2.7 1.95
2.925 0.975
2.925 0.975
4.275 4.875
4.275 4.875
3.375 2.92308
3.375 2.92308
1.575 0.975
1.575 0.975
5.2875 7.3125
5.2875 7.3125
5.0625 6.3375
5.0625 6.3375
4.95 6.825
4.95 6.825
4.8375 6.3375
4.8375 6.3375
4.8375 5.3625
4.8375 5.3625
4.6125 4.3875
4.6125 4.3875
4.3875 3.4125
4.3875 3.4125
4.1625 2.4375
4.1625 2.4375
3.9375 1.4625
3.9375 1.4625
3.7125 0.4875
3.7125 0.4875
0.45 0
0.45 0
1.35 0
1.35 0
2.25 0
2.25 0
3.15 0
3.15 0
4.275 5.85
4.275 5.85
4.725 5.85
4.725 5.85
3.15 3.89712
3.15 3.89712
4.05 3.89904
4.05 3.89904
2.025 1.95
2.025 1.95
3.375 1.95
3.375 1.95
2.3625 0.4875
2.3625 0.4875
3.4875 1.4625
3.4875 1.4625
4.1625 5.3625
4.1625 5.3625
4.3875 4.3875
4.3875 4.3875
3.0375 3.40962
3.0375 3.40962
3.7125 2.43654
3.7125 2.43654
1.4625 1.4625
1.4625 1.4625
1.6875 0.4875
1.6875 0.4875
5.34375 7.55625
5.34375 7.55625
5.23125 7.06875
5.23125 7.06875
5.11875 6.58125
5.11875 6.58125
5.00625 6.09375
5.00625 6.09375
4.8375 6.825
4.8375 6.825
5.0625 6.825
5.0625 6.825
4.89375 6.09375
4.89375 6.09375
4.78125 6.58125
4.78125 6.58125
3.2625 0.4875
3.2625 0.4875
3.375 0.975
3.375 0.975
2.8125 0.4875
2.8125 0.4875
3.825 4.87404
3.825 4.87404
3.4875 4.38558
3.4875 4.38558
3.9375 4.38654
3.9375 4.38654
4.6125 5.3625
4.6125 5.3625
4.3875 5.3625
4.3875 5.3625
4.5 4.875
4.5 4.875
2.7 2.92308
2.7 2.92308
2.3625 2.43654
2.3625 2.43654
3.0375 2.43654
3.0375 2.43654
3.9375 3.41154
3.9375 3.41154
3.4875 3.41058
3.4875 3.41058
3.825 2.92404
3.825 2.92404
1.125 0.975
1.125 0.975
0.7875 0.4875
0.7875 0.4875
1.2375 0.4875
1.2375 0.4875
2.8125 1.4625
2.8125 1.4625
2.1375 1.4625
2.1375 1.4625
2.25 0.975
2.25 0.975
5.11875 7.06875
5.11875 7.06875
5.175 7.3125
5.175 7.3125
5.00625 7.06875
5.00625 7.06875
4.95 6.3375
4.95 6.3375
5.00625 6.58125
5.00625 6.58125
4.89375 6.58125
4.89375 6.58125
4.6125 6.3375
4.6125 6.3375
4.44375 6.09375
4.44375 6.09375
4.66875 6.09375
4.66875 6.09375
6.00258 0.0025839
6.00258 0.0025839
8 0
8 0
6 3.9
6 3.9
6 5.85
6 5.85
6 1.95
6 1.95
6 6.825
6 6.825
8.36796 1.95
8.36796 1.95
7.00129 0.00129195
7.00129 0.00129195
9 0
9 0
6 4.875
6 4.875
6 2.925
6 2.925
6.00129 0.976292
6.00129 0.976292
6.75 5.85
6.75 5.85
6.75 4.875
6.75 4.875
7.5 3.9
7.5 3.9
7.5 2.925
7.5 2.925
9.25 0.975
9.25 0.975
10.25 0.975
10.25 0.975
7 0.975
7 0.975
6 7.3125
6 7.3125
6 6.3375
6 6.3375
6.375 6.825
6.375 6.825
6.375 6.3375
6.375 6.3375
7.18398 1.95
7.18398 1.95
9.43398 1.95
9.43398 1.95
8.68398 2.925
8.68398 2.925
8.18398 0.975
8.18398 0.975
6.50194 0.00193793
6.50194 0.00193793
7.50065 0.000645976
7.50065 0.000645976
8.5 0
8.5 0
9.5 0
9.5 0
6 5.3625
6 5.3625
6 4.3875
6 4.3875
6 3.4125
6 3.4125
6 2.4375
6 2.4375
6.00065 1.46315
6.00065 1.46315
6.00194 0.489438
6.00194 0.489438
6.375 5.85
6.375 5.85
7.125 5.85
7.125 5.85
6.375 4.3875
6.375 4.3875
7.125 5.3625
7.125 5.3625
6.75 3.9
6.75 3.9
8.25 3.9
8.25 3.9
6.75 2.4375
6.75 2.4375
8.25 3.4125
8.25 3.4125
8.625 0.4875
8.625 0.4875
9.875 1.4625
9.875 1.4625
10.125 0.4875
10.125 0.4875
10.375 1.4625
10.375 1.4625
6.5 1.4625
6.5 1.4625
7.5 0.4875
7.5 0.4875
6 7.55625
6 7.55625
6 7.06875
6 7.06875
6 6.58125
6 6.58125
6 6.09375
6 6.09375
6.1875 6.825
6.1875 6.825
6.5625 6.825
6.5625 6.825
6.1875 6.09375
6.1875 6.09375
6.5625 6.58125
6.5625 6.58125
6.59199 1.95
6.59199 1.95
7.77597 1.95
7.77597 1.95
8.90097 1.95
8.90097 1.95
9.96699 1.95
9.96699 1.95
8.52597 2.4375
8.52597 2.4375
8.84199 3.4125
8.84199 3.4125
8.27597 1.4625
8.27597 1.4625
8.09199 0.4875
8.09199 0.4875
6.375 4.875
6.375 4.875
6.75 5.3625
6.75 5.3625
6.375 5.3625
6.375 5.3625
7.875 4.3875
7.875 4.3875
7.5 4.875
7.5 4.875
7.125 4.3875
7.125 4.3875
6.75 2.925
6.75 2.925
7.5 3.4125
7.5 3.4125
6.75 3.4125
6.75 3.4125
9.625 0.4875
9.625 0.4875
9.75 0.975
9.75 0.975
9.125 0.4875
9.125 0.4875
11.125 0.4875
11.125 0.4875
10.75 0.975
10.75 0.975
10.625 0.4875
10.625 0.4875
6.50065 0.975646
6.50065 0.975646
6.50129 0.488792
6.50129 0.488792
7.00065 0.488146
7.00065 0.488146
6.375 7.06875
6.375 7.06875
6.1875 7.3125
6.1875 7.3125
6.1875 7.06875
6.1875 7.06875
6.1875 6.3375
6.1875 6.3375
6.375 6.58125
6.375 6.58125
6.1875 6.58125
6.1875 6.58125
6.9375 6.09375
6.9375 6.09375
6.75 6.3375
6.75 6.3375
6.5625 6.09375
6.5625 6.09375
9.21699 2.925
9.21699 2.925
9.05898 2.4375
9.05898 2.4375
9.59199 2.4375
9.59199 2.4375
8.09199 2.925
8.09199 2.925
7.34199 2.4375
7.34199 2.4375
7.93398 2.4375
7.93398 2.4375
7.59199 0.975
7.59199 0.975
7.68398 1.4625
7.68398 1.4625
7.09199 1.4625
7.09199 1.4625
8.71699 0.975
8.71699 0.975
9.34199 1.4625
9.34199 1.4625
8.80898 1.4625
8.80898 1.4625
0 0
0 0
2.7 3.89616
2.7 3.89616
4.05 5.85
4.05 5.85
1.35 1.95
1.35 1.95
3.375 4.87308
3.375 4.87308
2.025 2.92308
2.025 2.92308
0.675 0.975
0.675 0.975
3.7125 5.36154
3.7125 5.36154
3.0375 4.38462
3.0375 4.38462
2.3625 3.40962
2.3625 3.40962
1.6875 2.43654
1.6875 2.43654
1.0125 1.4625
1.0125 1.4625
0.3375 0.4875
0.3375 0.4875
6 7.8
6 7.8
5.4 7.8
5.4 7.8
12 0
12 0
9 3.9
9 3.9
7.5 5.85
7.5 5.85
10.5 1.95
10.5 1.95
6.75 6.825
6.75 6.825
4.725 6.825
4.725 6.825
5.7 7.8
5.7 7.8
8.25 4.875
8.25 4.875
9.75 2.925
9.75 2.925
11.25 0.975
11.25 0.975
6.375 7.3125
6.375 7.3125
7.125 6.3375
7.125 6.3375
5.0625 7.3125
5.0625 7.3125
4.3875 6.3375
4.3875 6.3375
5.85 7.8
5.85 7.8
5.55 7.8
5.55 7.8
8.625 4.3875
8.625 4.3875
7.875 5.3625
7.875 5.3625
10.125 2.4375
10.125 2.4375
9.375 3.4125
9.375 3.4125
11.625 0.4875
11.625 0.4875
10.875 1.4625
10.875 1.4625
6.5625 7.06875
6.5625 7.06875
6.1875 7.55625
6.1875 7.55625
7.3125 6.09375
7.3125 6.09375
6.9375 6.58125
6.9375 6.58125
5.23125 7.55625
5.23125 7.55625
4.89375 7.06875
4.89375 7.06875
4.55625 6.58125
4.55625 6.58125
4.21875 6.09375
4.21875 6.09375
1
0 0 0
1 1 0
2 2 0
3 3 0
4 4 0
5 5 0
6 6 0
7 7 0
8 8 3.696740830356127e+22
9 9 -15.20879460012868
10 10 -18735766218263.83
11 11 -68866.19999999975
12 12 -31964847971886.04
13 13 -45910.7999999987
14 14 -43032361947527.85
15 15 -22955.39999999978
16 16 -16442300254810.59
17 17 -80343.89999999983
18 18 -39750626675408.47
19 19 -34433.0999999982
20 20 -43268530013586.98
21 21 -11492.90885933187
22 22 -17661442331931.24
23 23 -74605.0499999998
24 24 -15321205431397.95
25 25 -86082.74999999981
26 26 -24203474285520.94
27 27 -57388.4999999994
28 28 6.561672177382196e+23
29 29 -7.604177277097288
30 30 1.007920091887169e+22
31 31 -22.81325237707686
32 32 -17415034740795.46
33 33 -68866.19999999975
34 34 -19706996669395.89
35 35 -68866.19999999974
36 36 -31570634188660.24
37 37 -45910.79999999847
38 38 -31634504732594.66
39 39 -45910.79999999892
40 40 -45370029983180.25
41 41 -22955.39999999957
42 42 -40337707594801.84
43 43 -22955.40000000023
44 44 -15937461084319.58
45 45 -80343.89999999985
46 46 -16885292089971.52
47 47 -80343.89999999981
48 48 -35214204727328.83
49 49 -40171.94999999864
50 50 -43827373631596.02
51 51 -28694.24999999808
52 52 -46045757278090.82
53 53 -17224.15442966508
54 54 -39813793589697.66
55 55 -5761.663289017154
56 56 -16420517133168.27
57 57 -77474.47499999985
58 58 -19013731956631.36
59 59 -71735.62499999981
60 60 -16267501323951.73
61 61 -83213.32499999981
62 62 -14437028315192.55
63 63 -88952.17499999983
64 64 -19746661306420.72
65 65 -63127.34999999961
66 66 -28070996360871.85
67 67 -51649.6499999992
68 68 -42280836504154.85
69 69 -28694.24999999839
70 70 -39771414430984.02
71 71 -28694.24999999851
72 72 -37973569642550.06
73 73 -34433.09999999849
74 74 -36193767698238.07
75 75 -40171.94999999824
76 76 -36381582984065.61
77 77 -40171.949999998
78 78 -40674241569116.84
79 79 -34433.09999999781
80 80 -40219664317181.25
81 81 -11492.90885932886
82 82 -40404003218422.53
83 83 -17224.15442966582
84 84 -43647259693789.65
85 85 -17224.15442966516
86 86 -46751250720102.18
87 87 -11485.3044296709
88 88 -47426471182548.16
89 89 -5746.454429648196
90 90 -44049375802830.62
91 91 -5754.058859343284
92 92 -18276205452817.66
93 93 -74605.0499999998
94 94 -17580937913268.75
95 95 -77474.47499999979
96 96 -17063122821439.3
97 97 -77474.47499999982
98 98 -16696835367752.93
99 99 -74605.04999999983
100 100 -16975978555126.98
101 101 -71735.62499999981
102 102 -18154043128872.74
103 103 -71735.6249999998
104 104 -15049410459569.01
105 105 -86082.74999999983
106 106 -15553203188139.66
107 107 -83213.32499999985
108 108 -15942151179233.33
109 109 -83213.32499999982
110 110 -15499195690111.5
111 111 -86082.74999999981
112 112 -14687505778683.77
113 113 -88952.17499999981
114 114 -14580834638466.39
115 115 -88952.17499999981
116 116 -24690472756517.06
117 117 -57388.49999999949
118 118 -21840000077861.23
119 119 -63127.34999999966
120 120 -20892347192826.31
121 121 -63127.34999999963
122 122 -22770589517719.52
123 123 -57388.49999999932
124 124 -26925483550227.69
125 125 -51649.64999999893
126 126 -27692561118306.38
127 127 -51649.64999999908
128 128 2.906801064423051e+23
129 129 -0.0001977338752907886
130 130 -30354725623718.36
131 131 -45910.79999999822
132 132 -15616896998620.11
133 133 -68866.19999999976
134 134 -47507970797571.89
135 135 -22955.39999999903
136 136 2.207653402091819e+23
137 137 -0.0001129807403653111
138 138 -15386239954601.06
139 139 -80343.89999999988
140 140 -20447429904794.03
141 141 -57388.4999999992
142 142 -40609176907975.4
143 143 -34433.09999999711
144 144 -49562124329794.96
145 145 -11477.70000001952
146 146 2.73090357954577e+23
147 147 -0.0002627941650528845
148 148 2.288573246650614e+23
149 149 -0.0001301678658347157
150 150 -10702551928041.62
151 151 -68866.19999999984
152 152 -21955213313057.36
153 153 -45888.21343129692
154 154 -66938994995951.91
155 155 -22955.39999998009
156 156 -53623338504604.07
157 157 -11477.70000006764
158 158 -15963789426812.99
159 159 -57388.499999999
160 160 -40036372806364.84
161 161 -34410.51343129286
162 162 -81426510297595.72
163 163 -11477.70000130505
164 164 -14768520575188.09
165 165 -86082.74999999985
166 166 -15514292534258.45
167 167 -74605.04999999989
168 168 -14763474175410.59
169 169 -80343.89999999991
170 170 -14305290101035.46
171 171 -74605.04999999989
172 172 -17073416378245.04
173 173 -63127.34999999958
174 174 -25114708375150.02
175 175 -51649.64999999873
176 176 -35933773684452.39
177 177 -40171.94999999743
178 178 -44744136459039.69
179 179 -28694.24999999685
180 180 -49106830576150.03
181 181 -17216.55000000434
182 182 -49897712375212.43
183 183 -5738.850000060687
184 184 -3.463811519985944e+23
185 185 0.0005814190297487017
186 186 2.675055746666876e+23
187 187 -0.0002627903282001447
188 188 2.462369529716685e+23
189 189 -0.0001316543417966217
190 190 2.090979538490068e+23
191 191 -0.0001314161565970318
192 192 -6597881123095.409
193 193 -68866.19999999991
194 194 -13579829449894.83
195 195 -68866.19999999981
196 196 -13770331128893.28
197 197 -45876.92014694607
198 198 -27423529298181.01
199 199 -45899.50671564762
200 200 -104797237635479.5
201 201 -22955.39999985313
202 202 -50203088301831.98
203 203 -22955.39999999815
204 204 -56058681857501.68
205 205 -5738.850000290875
206 206 -50770235846565.66
207 207 -17216.55000001134
208 208 -8430537340369.493
209 209 -63127.34999999934
210 210 -23507633903798.23
211 211 -51649.64999999855
212 212 -24162851459597.19
213 213 -40138.07014694337
214 214 -45017909146091.27
215 215 -28682.95671564453
216 216 -4.73750189245699e+17
217 217 -17216.54999986908
218 218 -57648762089179.92
219 219 -5738.850000893038
220 220 -14248307819704.01
221 221 -88952.17499999983
222 222 -15149039700630.05
223 223 -83213.32499999987
224 224 -15528403389593.08
225 225 -77474.47499999987
226 226 -15482997177581.95
227 227 -71735.62499999985
228 228 -14449220776764.87
229 229 -80343.89999999992
230 230 -15083756747979.87
231 231 -80343.89999999989
232 232 -14720666964930.72
233 233 -71735.62499999993
234 234 -14198127372309.48
235 235 -77474.47499999987
236 236 -51933201358722.09
237 237 -5738.850000149703
238 238 -51767563361877.68
239 239 -11477.70000003938
240 240 -54793705744565.39
241 241 -5738.850000010423
242 242 -9222690987403.666
243 243 -57377.20671564869
244 244 -11149417766324.69
245 245 -51627.06343129765
246 246 -18653300195813.11
247 247 -51638.3567156481
248 248 -14864558847512.51
249 249 -63127.34999999955
250 250 -11997510794259.03
251 251 -63127.34999999947
252 252 -18465255323398.74
253 253 -57388.49999999913
254 254 -34227195709890.79
255 255 -34410.51343128671
256 256 -54772238654862.48
257 257 -28682.95671561414
258 258 -51475090359809.27
259 259 -28682.95671563695
260 260 -33810413116155.46
261 261 -40160.65671564669
262 262 -30390649352901.34
263 263 -40149.36343129545
264 264 -39572026769017.16
265 265 -34421.80671564561
266 266 3372168.219726562
267 267 -11477.70000002734
268 268 -2.040984516052147e+17
269 269 -5738.850000198277
270 270 -58498691155004.98
271 271 -5738.850000050315
272 272 -52214494974292.62
273 273 -17216.55000003035
274 274 -112849219699547.3
275 275 -17216.55000012535
276 276 -54999676465747.35
277 277 -11477.70000032534
278 278 -14922705560093.09
279 279 -83213.32499999988
280 280 -14618810394579.73
281 281 -86082.74999999987
282 282 -14701550965003.42
283 283 -83213.3249999999
284 284 -14954171682410.18
285 285 -74605.04999999993
286 286 -15102137029049.38
287 287 -77474.4749999999
288 288 -14676816457651.93
289 289 -77474.47499999992
290 290 -12940383729761.51
291 291 -74605.04999999994
292 292 -10640022417165.91
293 293 -71735.62500000001
294 294 -12969165019612.95
295 295 -71735.62499999994
296 296 4.212147195783735e+21
297 297 -30.41769210533993
298 298 1.905566796544096e+22
299 299 -9.23911930637802e-05
300 300 -30889919821548.74
301 301 -45910.79999999913
302 302 -20402358260144.22
303 303 -68866.19999999976
304 304 -37155499796458.28
305 305 -22955.40000000024
306 306 -17262836804363.73
307 307 -80343.89999999979
308 308 -17724845584673.43
309 309 -22955.40000000097
310 310 1.552983951034792e+22
311 311 -15.20879486003497
312 312 4.32230237018905e+21
313 313 -0.0001314783499769333
314 314 -25026960712448.59
315 315 -57388.49999999955
316 316 -35395468569501.42
317 317 -34433.09999999891
318 318 -36643774250275.05
319 319 -11492.90885933356
320 320 -21323456671444.93
321 321 -68866.19999999978
322 322 -24626099523788.8
323 323 -57388.49999999962
324 324 -24414805614853.82
325 325 -45910.79999999965
326 326 -25295621461817.23
327 327 -34433.09999999955
328 328 -8154355126348.289
329 329 -11477.70000001301
330 330 -875376231174.234
331 331 -11477.70000003351
332 332 -29086666929938.74
333 333 -11477.70000000505
334 334 -15652006195404.53
335 335 -86082.74999999985
336 336 -18771699609510.18
337 337 -74605.04999999983
338 338 -17777662597538.14
339 339 -80343.89999999983
340 340 -19412927555944.87
341 341 -74605.04999999981
342 342 -27994943377832.24
343 343 -22955.40000000009
344 344 -8780807001028.766
345 345 -22955.40000000281
346 346 -16592778164657.89
347 347 -34433.10000000041
348 348 -18592527089135.91
349 349 -11477.70000000261
350 350 6.625055391566838e+21
351 351 -22.81325247120368
352 352 1.722872270390395e+23
353 353 -7.604177342689418
354 354 1.238783141952497e+22
355 355 -0.0001317494071793098
356 356 4.893860190730425e+20
357 357 -0.0001309247453289326
358 358 -22395962883298.12
359 359 -63127.34999999971
360 360 -27897688081184.54
361 361 -51649.64999999935
362 362 -33503852880365.78
363 363 -40171.94999999886
364 364 -36809735483786.84
365 365 -28694.24999999874
366 366 -37112758513527.96
367 367 -17224.15442966508
368 368 -36468951894386.93
369 369 -5761.66328902025
370 370 -21062208844208.93
371 371 -68866.19999999976
372 372 -21331509926451.97
373 373 -68866.19999999976
374 374 -27357685709636.63
375 375 -51649.64999999946
376 376 -22632777491535.38
377 377 -63127.34999999974
378 378 -28046486422340.45
379 379 -45910.7999999994
380 380 -20554902268050.14
381 381 -45910.79999999992
382 382 -31307953450892.94
383 383 -28694.24999999945
384 384 -20147248565787
385 385 -40171.94999999991
386 386 -14013864253912.73
387 387 -5738.850000014393
388 388 -4304760767935.579
389 389 -17216.55000000807
390 390 -55948415702.26376
391 391 -5738.850000274218
392 392 -1828773099702.983
393 393 -17216.55000000898
394 394 -33281755553341.9
395 395 -17216.55000000183
396 396 -24675916079746.49
397 397 -5738.850000020334
398 398 -14784115574678.11
399 399 -88952.17499999987
400 400 -16483981116917.6
401 401 -83213.32499999979
402 402 -18025759818021.87
403 403 -77474.47499999977
404 404 -19537656550768.53
405 405 -71735.62499999981
406 406 -17557336270037.52
407 407 -80343.89999999983
408 408 -17952978046793.76
409 409 -80343.89999999982
410 410 -19909583430694.86
411 411 -71735.62499999981
412 412 -18817011737962.57
413 413 -77474.47499999982
414 414 -32909345366025.04
415 415 -22955.39999999981
416 416 -22951862235214.33
417 417 -22955.4000000007
418 418 -13061063906219.92
419 419 -22955.40000000189
420 420 -5326645276099.806
421 421 -22955.40000000354
422 422 -17010960832441.83
423 423 -28694.25000000045
424 424 -16660274406264.27
425 425 -40171.95000000024
426 426 -18096430875481.7
427 427 -17216.55000000062
428 428 -19509743166062.26
429 429 -5738.849999979415
430 430 -25033944474597.7
431 431 -57388.49999999959
432 432 -22913794126184.64
433 433 -63127.34999999971
434 434 -22910784960166.72
435 435 -63127.34999999969
436 436 -22311499518100.82
437 437 -51649.64999999981
438 438 -23027424016827.83
439 439 -57388.49999999972
440 440 -25117013164851.99
441 441 -51649.6499999996
442 442 -30781686473157.98
443 443 -34433.09999999915
444 444 -24941582608739.54
445 445 -40171.94999999958
446 446 -29560182217186.17
447 447 -40171.94999999928
448 448 -3971848002965.602
449 449 -5738.850000087969
450 450 -3864801927636.296
451 451 -11477.70000002353
452 452 -8892076064514.305
453 453 -5738.85000003291
454 454 -3176897861.83949
455 455 -5738.850000001882
456 456 -304755047057.6033
457 457 -11477.700000008
458 458 -17815703038.9067
459 459 -5738.850000020882
460 460 -33071574521266.14
461 461 -11485.30442967044
462 462 -32886030458273.03
463 463 -5754.058859323103
464 464 -29055907690097.05
465 465 -5746.454429650456
466 466 -16896325605812.31
467 467 -83213.32499999985
468 468 -15818633115046.42
469 469 -86082.74999999988
470 470 -16719782470756.51
471 471 -83213.32499999984
472 472 -19151689585319.65
473 473 -74605.04999999981
474 474 -18642018099692.81
475 475 -77474.47499999982
476 476 -18359335618578.33
477 477 -77474.47499999983
478 478 -20596392363936.91
479 479 -71735.62499999977
480 480 -19773997251404.91
481 481 -74605.04999999981
482 482 -20416281494724.4
483 483 -71735.62499999981
484 484 -13190100443523.27
485 485 -34433.10000000076
486 486 -12886636886403.66
487 487 -28694.25000000099
488 488 -9304834565006.273
489 489 -28694.25000000156
490 490 -20890301297696.78
491 491 -34433.09999999993
492 492 -26803215879757.7
493 493 -28694.24999999943
494 494 -21911709547914.41
495 495 -28694.24999999982
496 496 -24216559777681.26
497 497 -11477.70000000138
498 498 -23494152640370.64
499 499 -17216.55000000099
500 500 -28848006035323.27
501 501 -17216.54999999958
502 502 -13358943684459.01
503 503 -11477.70000000665
504 504 -8318132258410.587
505 505 -17216.55000000582
506 506 -13023070433607.4
507 507 -17216.55000000399
508 508 1
509 509 21348.522
510 510 1
511 511 -45865.62686266699
512 512 1
513 513 -68866.20000003223
514 514 1
515 515 -22955.40000217863
516 516 1
517 517 -57365.91343133417
518 518 1
519 519 -34410.51343145782
520 520 1
521 521 9870.822000000002
522 522 1
523 523 -63116.05671567494
524 524 1
525 525 -51615.77014700179
526 526 1
527 527 -40138.0701470339
528 528 1
529 529 -28682.95671602594
530 530 1
531 531 4131.972000000002
532 532 1
533 533 15609.672
534 534 -144987829693212.8
535 535 -91821.60000003624
536 536 -99347274665629.5
537 537 -91821.60000002455
538 538 5956557235.795524
539 539 -3.034793623782849e-07
540 540 -141063922549720.1
541 541 -45910.80000001054
542 542 -139614236679173.5
543 543 -68866.20000001017
544 544 -19113599043992.5
545 545 -22955.40000003009
546 546 -160310162018277.2
547 547 -80343.90000002061
548 548 -139050109947918.9
549 549 -80343.90000003114
550 550 -99221396093574.75
551 551 -91821.6000000241
552 552 -155609735348082.2
553 553 -57388.50000000955
554 554 -134185409598304
555 555 -34433.10000002387
556 556 -55143522625.25778
557 557 -11477.7000000719
558 558 -142476060780487.2
559 559 -86082.75000002568
560 560 -152393115337998.6
561 561 -74605.05000001474
562 562 -170143058033852.1
563 563 -86082.75000003866
564 564 -71175001476507.34
565 565 -74605.05000002244
566 566 -100359211688709.5
567 567 -91821.60000002409
568 568 -97927151124850.47
569 569 -91821.6000000241
570 570 -164551111455605.5
571 571 -51649.6500000107
572 572 -135856234113362
573 573 -63127.35000000864
574 574 -74193333791164.84
575 575 -28694.25000002938
576 576 -181708239303644.5
577 577 -40171.95000001992
578 578 13881773868.81757
579 579 -5738.850000064807
580 580 -2753324648121.907
581 581 -17216.55000005182
582 582 -171866054724327.8
583 583 -83213.32500002658
584 584 -117911688886362.2
585 585 -88952.17500002496
586 586 -175168772200947.4
587 587 -71735.62500001528
588 588 -131118460215924.9
589 589 -77474.47500001415
590 590 -154705134830371.3
591 591 -88952.1750000374
592 592 -179850593456317.7
593 593 -83213.32500004004
594 594 -91734894628602.08
595 595 -77474.47500002151
596 596 -28050098627607.64
597 597 -71735.62500002353
