1
2
598
10 0
10 0
11 0
11 0
10.5 0
10.5 0
11.5 0
11.5 0
4.80129 0.00129195
4.80129 0.00129195
5.475 5.85
5.475 5.85
5.25 3.9
5.25 3.9
5.025 1.95
5.025 1.95
5.5875 6.825
5.5875 6.825
5.025 2.925
5.025 2.925
5.02629 0.976292
5.02629 0.976292
5.5875 6.3375
5.5875 6.3375
5.7 7.3125
5.7 7.3125
5.475 4.875
5.475 4.875
4.20065 0.000645976
4.20065 0.000645976
5.40194 0.00193793
5.40194 0.00193793
5.2125 5.85
5.2125 5.85
5.7375 5.85
5.7375 5.85
4.875 3.9
4.875 3.9
5.625 3.9
5.625 3.9
4.5375 1.95
4.5375 1.95
5.5125 1.95
5.5125 1.95
5.38125 6.825
5.38125 6.825
5.79375 6.825
5.79375 6.825
5.5125 3.4125
5.5125 3.4125
4.5375 2.4375
4.5375 2.4375
4.53815 1.46315
4.53815 1.46315
5.51444 0.489438
5.51444 0.489438
5.38125 6.58125
5.38125 6.58125
5.79375 6.09375
5.79375 6.09375
5.85 7.06875
5.85 7.06875
5.55 7.55625
5.55 7.55625
5.2125 5.3625
5.2125 5.3625
5.7375 4.3875
5.7375 4.3875
5.025 2.4375
5.025 2.4375
5.5125 2.4375
5.5125 2.4375
5.5125 2.925
5.5125 2.925
5.1375 3.4125
5.1375 3.4125
4.7625 3.4125
4.7625 3.4125
4.65 2.925
4.65 2.925
5.51379 0.976292
5.51379 0.976292
5.51315 1.46315
5.51315 1.46315
5.02565 1.46315
5.02565 1.46315
4.42565 0.975646
4.42565 0.975646
4.31315 0.488146
4.31315 0.488146
4.91379 0.488792
4.91379 0.488792
5.79375 6.3375
5.79375 6.3375
5.79375 6.58125
5.79375 6.58125
5.5875 6.58125
5.5875 6.58125
5.325 6.3375
5.325 6.3375
5.26875 6.09375
5.26875 6.09375
5.53125 6.09375
5.53125 6.09375
5.49375 7.3125
5.49375 7.3125
5.4375 7.06875
5.4375 7.06875
5.64375 7.06875
5.64375 7.06875
5.85 7.3125
5.85 7.3125
5.85 7.55625
5.85 7.55625
5.7 7.55625
5.7 7.55625
5.7375 4.875
5.7375 4.875
5.7375 5.3625
5.7375 5.3625
5.475 5.3625
5.475 5.3625
5.1 4.875
5.1 4.875
4.9875 4.3875
4.9875 4.3875
5.3625 4.3875
5.3625 4.3875
3.6 0
3.6 0
4.5 3.9
4.5 3.9
4.95 5.85
4.95 5.85
4.05 1.95
4.05 1.95
1.8 0
1.8 0
5.175 6.825
5.175 6.825
4.725 4.875
4.725 4.875
4.275 2.925
4.275 2.925
3.825 0.975
3.825 0.975
0.9 0
0.9 0
2.7 0
2.7 0
4.5 5.85
4.5 5.85
3.6 3.89808
3.6 3.89808
2.7 1.95
2.7 1.95
2.925 0.975
2.925 0.975
4.275 4.875
4.275 4.875
3.375 2.92308
3.375 2.92308
1.575 0.975
1.575 0.975
5.2875 7.3125
5.2875 7.3125
5.0625 6.3375
5.0625 6.3375
4.95 6.825
4.95 6.825
4.8375 6.3375
4.8375 6.3375
4.8375 5.3625
4.8375 5.3625
4.6125 4.3875
4.6125 4.3875
4.3875 3.4125
4.3875 3.4125
4.1625 2.4375
4.1625 2.4375
3.9375 1.4625
3.9375 1.4625
3.7125 0.4875
3.7125 0.4875
0.45 0
0.45 0
1.35 0
1.35 0
2.25 0
2.25 0
3.15 0
3.15 0
4.275 5.85
4.275 5.85
4.725 5.85
4.725 5.85
3.15 3.89712
3.15 3.89712
4.05 3.89904
4.05 3.89904
2.025 1.95
2.025 1.95
3.375 1.95
3.375 1.95
2.3625 0.4875
2.3625 0.4875
3.4875 1.4625
3.4875 1.4625
4.1625 5.3625
4.1625 5.3625
4.3875 4.3875
4.3875 4.3875
3.0375 3.40962
3.0375 3.40962
3.7125 2.43654
3.7125 2.43654
1.4625 1.4625
1.4625 1.4625
1.6875 0.4875
1.6875 0.4875
5.34375 7.55625
5.34375 7.55625
5.23125 7.06875
5.23125 7.06875
5.11875 6.58125
5.11875 6.58125
5.00625 6.09375
5.00625 6.09375
4.8375 6.825
4.8375 6.825
5.0625 6.825
5.0625 6.825
4.89375 6.09375
4.89375 6.09375
4.78125 6.58125
4.78125 6.58125
3.2625 0.4875
3.2625 0.4875
3.375 0.975
3.375 0.975
2.8125 0.4875
2.8125 0.4875
3.825 4.87404
3.825 4.87404
3.4875 4.38558
3.4875 4.38558
3.9375 4.38654
3.9375 4.38654
4.6125 5.3625
4.6125 5.3625
4.3875 5.3625
4.3875 5.3625
4.5 4.875
4.5 4.875
2.7 2.92308
2.7 2.92308
2.3625 2.43654
2.3625 2.43654
3.0375 2.43654
3.0375 2.43654
3.9375 3.41154
3.9375 3.41154
3.4875 3.41058
3.4875 3.41058
3.825 2.92404
3.825 2.92404
1.125 0.975
1.125 0.975
0.7875 0.4875
0.7875 0.4875
1.2375 0.4875
1.2375 0.4875
2.8125 1.4625
2.8125 1.4625
2.1375 1.4625
2.1375 1.4625
2.25 0.975
2.25 0.975
5.11875 7.06875
5.11875 7.06875
5.175 7.3125
5.175 7.3125
5.00625 7.06875
5.00625 7.06875
4.95 6.3375
4.95 6.3375
5.00625 6.58125
5.00625 6.58125
4.89375 6.58125
4.89375 6.58125
4.6125 6.3375
4.6125 6.3375
4.44375 6.09375
4.44375 6.09375
4.66875 6.09375
4.66875 6.09375
6.00258 0.0025839
6.00258 0.0025839
8 0
8 0
6 3.9
6 3.9
6 5.85
6 5.85
6 1.95
6 1.95
6 6.825
6 6.825
8.36796 1.95
8.36796 1.95
7.00129 0.00129195
7.00129 0.00129195
9 0
9 0
6 4.875
6 4.875
6 2.925
6 2.925
6.00129 0.976292
6.00129 0.976292
6.75 5.85
6.75 5.85
6.75 4.875
6.75 4.875
7.5 3.9
7.5 3.9
7.5 2.925
7.5 2.925
9.25 0.975
9.25 0.975
10.25 0.975
10.25 0.975
7 0.975
7 0.975
6 7.3125
6 7.3125
6 6.3375
6 6.3375
6.375 6.825
6.375 6.825
6.375 6.3375
6.375 6.3375
7.18398 1.95
7.18398 1.95
9.43398 1.95
9.43398 1.95
8.68398 2.925
8.68398 2.925
8.18398 0.975
8.18398 0.975
6.50194 0.00193793
6.50194 0.00193793
7.50065 0.000645976
7.50065 0.000645976
8.5 0
8.5 0
9.5 0
9.5 0
6 5.3625
6 5.3625
6 4.3875
6 4.3875
6 3.4125
6 3.4125
6 2.4375
6 2.4375
6.00065 1.46315
6.00065 1.46315
6.00194 0.489438
6.00194 0.489438
6.375 5.85
6.375 5.85
7.125 5.85
7.125 5.85
6.375 4.3875
6.375 4.3875
7.125 5.3625
7.125 5.3625
6.75 3.9
6.75 3.9
8.25 3.9
8.25 3.9
6.75 2.4375
6.75 2.4375
8.25 3.4125
8.25 3.4125
8.625 0.4875
8.625 0.4875
9.875 1.4625
9.875 1.4625
10.125 0.4875
10.125 0.4875
10.375 1.4625
10.375 1.4625
6.5 1.4625
6.5 1.4625
7.5 0.4875
7.5 0.4875
6 7.55625
6 7.55625
6 7.06875
6 7.06875
6 6.58125
6 6.58125
6 6.09375
6 6.09375
6.1875 6.825
6.1875 6.825
6.5625 6.825
6.5625 6.825
6.1875 6.09375
6.1875 6.09375
6.5625 6.58125
6.5625 6.58125
6.59199 1.95
6.59199 1.95
7.77597 1.95
7.77597 1.95
8.90097 1.95
8.90097 1.95
9.96699 1.95
9.96699 1.95
8.52597 2.4375
8.52597 2.4375
8.84199 3.4125
8.84199 3.4125
8.27597 1.4625
8.27597 1.4625
8.09199 0.4875
8.09199 0.4875
6.375 4.875
6.375 4.875
6.75 5.3625
6.75 5.3625
6.375 5.3625
6.375 5.3625
7.875 4.3875
7.875 4.3875
7.5 4.875
7.5 4.875
7.125 4.3875
7.125 4.3875
6.75 2.925
6.75 2.925
7.5 3.4125
7.5 3.4125
6.75 3.4125
6.75 3.4125
9.625 0.4875
9.625 0.4875
9.75 0.975
9.75 0.975
9.125 0.4875
9.125 0.4875
11.125 0.4875
11.125 0.4875
10.75 0.975
10.75 0.975
10.625 0.4875
10.625 0.4875
6.50065 0.975646
6.50065 0.975646
6.50129 0.488792
6.50129 0.488792
7.00065 0.488146
7.00065 0.488146
6.375 7.06875
6.375 7.06875
6.1875 7.3125
6.1875 7.3125
6.1875 7.06875
6.1875 7.06875
6.1875 6.3375
6.1875 6.3375
6.375 6.58125
6.375 6.58125
6.1875 6.58125
6.1875 6.58125
6.9375 6.09375
6.9375 6.09375
6.75 6.3375
6.75 6.3375
6.5625 6.09375
6.5625 6.09375
9.21699 2.925
9.21699 2.925
9.05898 2.4375
9.05898 2.4375
9.59199 2.4375
9.59199 2.4375
8.09199 2.925
8.09199 2.925
7.34199 2.4375
7.34199 2.4375
7.93398 2.4375
7.93398 2.4375
7.59199 0.975
7.59199 0.975
7.68398 1.4625
7.68398 1.4625
7.09199 1.4625
7.09199 1.4625
8.71699 0.975
8.71699 0.975
9.34199 1.4625
9.34199 1.4625
8.80898 1.4625
8.80898 1.4625
0 0
0 0
2.7 3.89616
2.7 3.89616
4.05 5.85
4.05 5.85
1.35 1.95
1.35 1.95
3.375 4.87308
3.375 4.87308
2.025 2.92308
2.025 2.92308
0.675 0.975
0.675 0.975
3.7125 5.36154
3.7125 5.36154
3.0375 4.38462
3.0375 4.38462
2.3625 3.40962
2.3625 3.40962
1.6875 2.43654
1.6875 2.43654
1.0125 1.4625
1.0125 1.4625
0.3375 0.4875
0.3375 0.4875
6 7.8
6 7.8
5.4 7.8
5.4 7.8
12 0
12 0
9 3.9
9 3.9
7.5 5.85
7.5 5.85
10.5 1.95
10.5 1.95
6.75 6.825
6.75 6.825
4.725 6.825
4.725 6.825
5.7 7.8
5.7 7.8
8.25 4.875
8.25 4.875
9.75 2.925
9.75 2.925
11.25 0.975
11.25 0.975
6.375 7.3125
6.375 7.3125
7.125 6.3375
7.125 6.3375
5.0625 7.3125
5.0625 7.3125
4.3875 6.3375
4.3875 6.3375
5.85 7.8
5.85 7.8
5.55 7.8
5.55 7.8
8.625 4.3875
8.625 4.3875
7.875 5.3625
7.875 5.3625
10.125 2.4375
10.125 2.4375
9.375 3.4125
9.375 3.4125
11.625 0.4875
11.625 0.4875
10.875 1.4625
10.875 1.4625
6.5625 7.06875
6.5625 7.06875
6.1875 7.55625
6.1875 7.55625
7.3125 6.09375
7.3125 6.09375
6.9375 6.58125
6.9375 6.58125
5.23125 7.55625
5.23125 7.55625
4.89375 7.06875
4.89375 7.06875
4.55625 6.58125
4.55625 6.58125
4.21875 6.09375
4.21875 6.09375
1
0 0 0
1 1 0
2 2 0
3 3 0
4 4 0
5 5 0
6 6 0
7 7 0
8 8 -3.696740834791005e+22
9 9 -6.438644807165191e-05
10 10 0.4499906650309374
11 11 3.005456465031105e-23
12 12 5.437192593532226
13 13 8.579950496990366e-23
14 14 -751.8010498161727
15 15 -3.252421155910092e-21
16 16 1.142845164374115
17 17 1.214123512136893e-22
18 18 40.57426685885825
19 19 3.041612121570223e-22
20 20 -17185.25251673475
21 21 -3.544279494214224e-20
22 22 -1.117261828592886
23 23 -9.612783217844168e-23
24 24 -0.4684357161064955
25 25 -6.20064117067251e-23
26 26 -2.047704372657082
27 27 -7.193310926944034e-23
28 28 -6.561672177858979e+23
29 29 -0.0002523824021144406
30 30 -1.007920095942749e+22
31 31 -3.690010079898308e-05
32 32 -0.2188892460459813
33 33 -1.690569261520789e-23
34 34 -3.005380762390001
35 35 -1.815796614272463e-22
36 36 -3.217496610966383
37 37 -5.276176455211504e-23
38 38 -4.987344321073968
39 39 -7.938919712682587e-23
40 40 -511.0125785929883
41 41 -1.973925071247789e-21
42 42 -272.3108908417432
43 43 -1.35897149141046e-21
44 44 -0.5523781216252487
45 45 -6.249918501393676e-23
46 46 -0.3662619835597451
47 47 -3.688476492474096e-23
48 48 41.77762522714497
49 49 4.675033990036994e-22
50 50 255.562773310826
51 51 1.304958111801954e-21
52 52 -5148.541684162334
53 53 -1.408892716207498e-20
54 54 290721642.4139747
55 55 3.545296442066764e-16
56 56 1.050031914890324
57 57 1.089302210535646e-22
58 58 3.46410748634443
59 59 2.458937119694583e-22
60 60 0.1720356636839998
61 61 1.947249593879826e-23
62 62 -404.9802709394477
63 63 -6.26197446468691e-20
64 64 2.224834540644463
65 65 1.316302188669381e-22
66 66 -11.07053338345016
67 67 -2.552489879408231e-22
68 68 -369.5520785627756
69 69 -2.05264643861097e-21
70 70 -570.8627397195772
71 71 -3.583330743219655e-21
72 72 -66.57371261922935
73 73 -5.502696770354139e-22
74 74 -111.0140555753709
75 75 -1.18233275762011e-21
76 76 40.3439056283964
77 77 4.249184457857717e-22
78 78 -29.90091998240679
79 79 -2.149996688606321e-22
80 80 -67601.65140826494
81 81 -1.645766091440317e-19
82 82 3634.838905490594
83 83 1.315527069036289e-20
84 84 -2080.049024000621
85 85 -6.471114085580205e-21
86 86 48283.14459187469
87 87 8.590903879904011e-20
88 88 2493414858.624599
89 89 2.164821780741802e-15
90 90 584426809.6064591
91 91 5.925984362687947e-16
92 92 -1.613051795841488
93 93 -1.285455974405072e-22
94 94 -1.013631721425391
95 95 -9.084601931121109e-23
96 96 0.4679121252865469
97 97 4.46261147505827e-23
98 98 -0.2890395077528162
99 99 -2.77425201091199e-23
100 100 -0.2980254351256073
101 101 -2.659821246274917e-23
102 102 0.3053954937043949
103 103 2.378060521089798e-23
104 104 -0.948450768440029
105 105 -1.300524088863743e-22
106 106 0.5152141751049482
107 107 6.380626676023923e-23
108 108 -0.6881640060118323
109 109 -8.111804456285591e-23
110 110 -2.378775535547686
111 111 -3.070217032804062e-22
112 112 -421.8830302197154
113 113 -6.29165350430225e-20
114 114 -413.0840301840894
115 115 -6.259905861347228e-20
116 116 6.749894410678466
117 117 2.248489770365369e-22
118 118 -0.2293982623402552
119 119 -1.075823904330217e-23
120 120 2.0425984012729
121 121 1.045086078370312e-22
122 122 2.964599380418102
123 123 1.187360387501516e-22
124 124 4.826066448422992
125 125 1.240406950475874e-22
126 126 3.371061275196105
127 127 8.021006075570327e-23
128 128 -2.906801064926516e+23
129 129 0.000197172694692748
130 130 38.51017531070157
131 131 7.136151930429914e-22
132 132 -1.556407906054286
133 133 -1.450617495411612e-22
134 134 -1247.911030836722
135 135 -4.317947535834998e-21
136 136 -2.20765340266591e+23
137 137 0.0001126541265017676
138 138 0.7136098000171567
139 139 8.487978456547415e-23
140 140 0.9366501327083118
141 141 4.388499770918908e-23
142 142 83.21006154344538
143 143 6.339021004706896e-22
144 144 -29547.32971991971
145 145 -4.667394556813179e-20
146 146 -2.730903580131995e+23
147 147 0.0001314332437151825
148 148 -2.288573247197051e+23
149 149 0.0001314297701188556
150 150 -0.8153173759990771
151 151 -1.687438570179538e-22
152 152 18.23985105623802
153 153 6.721802983012216e-22
154 154 -37634.96581230064
155 155 -6.528334488677088e-20
156 156 36316.43926253909
157 157 4.867376355019091e-20
158 158 -0.4312415073533998
159 159 -4.337768083846037e-23
160 160 237.0279322144929
161 161 1.948381444702291e-21
162 162 22671614.56897285
163 163 1.708347561017437e-17
164 164 0.791164421149644
165 165 1.106036199561354e-22
166 166 -0.1781605504423402
167 167 -1.911633027229703e-23
168 168 -0.08164088895466165
169 169 -1.080073526703545e-23
170 170 -4.926477320463916
171 171 -6.756459577403383e-22
172 172 2.676537673669412
173 173 1.933121077862865e-22
174 174 7.097909628505895
175 175 1.999772689603264e-22
176 176 -89.42579374281891
177 177 -1.056944217288557e-21
178 178 -743.5175839510553
179 179 -3.799576958503863e-21
180 180 -14788.56591103878
181 181 -3.597857266760576e-20
182 182 -1479681942.502225
183 183 -1.15015302462461e-15
184 184 3.46381151940137e+23
185 185 -0.0004763134806719361
186 186 -2.675055747250569e+23
187 187 0.0001314332514578794
188 188 -2.462369530281051e+23
189 189 0.000131429808776455
190 190 -2.090979539012468e+23
191 191 0.0001314298039671549
192 192 -238.9734076023616
193 193 -1.534443974732074e-19
194 194 0.3197296860787759
195 195 4.090760188457431e-23
196 196 -833.4983427158362
197 197 -1.382823914198302e-19
198 198 19.00754518660218
199 199 4.229378142125477e-22
200 200 -2437931.945297507
201 201 -3.365426634682383e-18
202 202 -2974.185793638978
203 203 -8.734137518506049e-21
204 204 -2146997277.837169
205 205 -1.311484535118358e-15
206 206 -22625.7493305524
207 207 -5.073589371388569e-20
208 208 -61.84119965249921
209 209 -5.09121745980816e-20
210 210 -4.63508628776267
211 211 -1.677189198896228e-22
212 212 -1467.956604897942
213 213 -8.245149938798374e-20
214 214 -1317.363089739961
215 215 -6.164686938002843e-21
216 216 4.733115797951403e+17
217 217 5.602381413393825e-08
218 218 -2589247832.372639
219 219 -1.411170911581642e-15
220 220 -2806.782294284991
221 221 -4.356017417801401e-19
222 222 -0.3875032309275181
223 223 -4.976772425704888e-23
224 224 -1.115412902682229
225 225 -1.253515687583626e-22
226 226 -3.401925059035685
227 227 -3.479181435511918e-22
228 228 -4417.290228618856
229 229 -6.112072131664131e-19
230 230 -0.04451128339715308
231 231 -5.635172420839498e-24
232 232 9.073784336731009
233 233 1.130975028466517e-21
234 234 -1016.690705731979
235 235 -1.462032282460738e-19
236 236 -1848981056.360722
237 237 -1.309415920640183e-15
238 238 -455770.0259481966
239 239 -6.554626881994703e-19
240 240 -2012935146.26361
241 241 -1.302825433758324e-15
242 242 -108.9023855993963
243 243 -5.439787405464794e-20
244 244 -289.9796411406041
245 245 -8.94590132021695e-20
246 246 -0.7972281453119084
247 247 -4.856568540461982e-23
248 248 1.951967081553493
249 249 2.018664020238272e-22
250 250 2.008539699992202
251 251 3.391833700735364e-22
252 252 5.837901047894905
253 253 3.65215224397391e-22
254 254 -7089.60730517604
255 255 -1.479339721490383e-19
256 256 -52693.76767411166
257 257 -3.562321636840008e-19
258 258 -446.2511008951673
259 259 -1.790902878068015e-21
260 260 49.66196056779265
261 261 6.467065504669207e-22
262 262 116.2591909375054
263 263 2.040213866897773e-21
264 264 204.1101092205106
265 265 1.571596931181403e-21
266 266 5898696142422.574
267 267 6.91232219519261e-08
268 268 2.040389715009506e+17
269 269 3.700905575613269e-07
270 270 -3375344150.719746
271 271 -2.636271910350952e-15
272 272 -119299.0483586921
273 273 -2.064819035396046e-19
274 274 129998.3654615763
275 275 7.391165206804292e-20
276 276 -620021.482980269
277 277 -6.308116566569201e-19
278 278 0.2744198146359546
279 279 3.717911811026429e-23
280 280 -4866.197354144575
281 281 -7.116428943471815e-19
282 282 -5448.180316629937
283 283 -7.616040108213009e-19
284 284 10.40437945038547
285 285 1.250147312457638e-21
286 286 2.536144652875811
287 287 3.107004695584947e-22
288 288 6.471826960655892
289 289 8.432254935090643e-22
290 290 -711.8164695797547
291 291 -1.176391346360515e-19
292 292 -512.1401925805156
293 293 -1.270057986315082e-19
294 294 1.452327540854043
295 295 2.314194763507567e-22
296 296 -4.212147232226772e+21
297 297 -2.689654192938603e-05
298 298 -1.905566798552837e+22
299 299 9.277116619330255e-05
300 300 10.25723806199586
301 301 1.7488634729065e-22
302 302 0.7576306353885849
303 303 4.361577065043601e-23
304 304 33.09683642112064
305 305 2.028980939724362e-22
306 306 -2.7525061419893
307 307 -2.691358347388065e-22
308 308 52.32363343122127
309 309 1.380832087655426e-21
310 310 -1.552983953921645e+22
311 311 -6.445598559172719e-05
312 312 -4.322302380264661e+21
313 313 0.0001314298044856261
314 314 3.864412536883308
315 315 1.292011459365435e-22
316 316 74.6622865710688
317 317 7.392593562326427e-22
318 318 -22859.96963482564
319 319 -6.711645794007997e-20
320 320 1.724442536793073
321 321 8.985062563639602e-23
322 322 -0.6599487872827932
323 323 -2.209042581101701e-23
324 324 1.101516351083897
325 325 2.909293560100217e-23
326 326 1.451421638622231
327 327 2.71915319643225e-23
328 328 -1561.845841867667
329 329 -1.106146891382906e-19
330 330 -68.33422946726742
331 331 -8.35031771527945e-19
332 332 20754.981999974
333 333 1.004105509647846e-19
334 334 1.978523354713926
335 335 2.489483634515597e-22
336 336 5.868923708095014
337 337 4.507003579463763e-22
338 338 1.153949963036343
339 339 1.053777256462901e-22
340 340 0.2098122446768045
341 341 1.456482310953229e-23
342 342 180.4546768557254
343 343 2.019300419224746e-21
344 344 -43.9647193756236
345 345 -4.328668034535768e-21
346 346 4.295306794914475
347 347 1.902341617326651e-22
348 348 9141.590579059473
349 349 1.117451723573611e-19
350 350 -6.625055424493437e+21
351 351 -3.693995411803055e-05
352 352 -1.722872270637046e+23
353 353 -0.0002526549567609552
354 354 -1.238783143480961e+22
355 355 0.0001314298110349298
356 356 -4.893860240117637e+20
357 357 0.0001314297880656026
358 358 5.990562589663839
359 359 2.728795691138983e-22
360 360 8.239514052272961
361 361 1.991457760454258e-22
362 362 -38.44176015333937
363 363 -4.968823687148553e-22
364 364 -483.2855406640819
365 365 -3.719357238756114e-21
366 366 -3112.115358862272
367 367 -1.348826130893258e-20
368 368 178380978.4052811
369 369 2.652101402809337e-16
370 370 -0.3596494240357174
371 371 -1.928501231728355e-23
372 372 -554.4690741061966
373 373 -2.888355945985606e-20
374 374 5.8933257120405
375 375 1.437644804792588e-22
376 376 -113.3824564249496
377 377 -4.932971309024061e-21
378 378 -1.055194599695914
379 379 -2.120332594049445e-23
380 380 -283.2023178496855
381 381 -1.049346551135469e-20
382 382 79.26071717640619
383 383 8.025409565682113e-22
384 384 44.05797053079748
385 385 1.501461228035783e-21
386 386 -122582097.5247758
387 387 -1.397732495046138e-15
388 388 -55.90092968670095
389 389 -2.078181436623376e-20
390 390 200.3771481016824
391 391 3.362531074021281e-16
392 392 -82.00276265594015
393 393 -2.438535936099256e-19
394 394 -1516.814864156987
395 395 -8.289459352259602e-21
396 396 652524169.7043138
397 397 2.24020027069008e-15
398 398 -1465.906680113224
399 399 -2.14521095503135e-19
400 400 -4.018274610673799
401 401 -4.393784164448621e-22
402 402 -6.906143319410362
403 403 -5.994167590188474e-22
404 404 0.663365055394084
405 405 4.5081716037001e-23
406 406 1.788662114127406
407 407 1.679281380912988e-22
408 408 -1975.031763105084
409 409 -1.766109670466981e-19
410 410 1.439669176658686
411 411 9.088473953650198e-23
412 412 -392.0664703079746
413 413 -3.019507056912697e-20
414 414 -587.6325833172383
415 415 -4.655886981297186e-21
416 416 156.0913589979697
417 417 2.71156058761784e-21
418 418 -90.91802598355876
419 419 -4.081632796022361e-21
420 420 -407.7934707253516
421 421 -1.098318554494477e-19
422 422 -25.84633340185339
423 423 -9.126244908862795e-22
424 424 -613.7434602691361
425 425 -3.146593686020868e-20
426 426 -976.5883745163201
427 427 -1.886309780252366e-20
428 428 -163462708.9306569
429 429 -9.235646101968081e-16
430 430 1.022751808171331
431 431 3.274116683122833e-23
432 432 0.06624602797620047
433 433 2.797142158495974e-24
434 434 -0.9750500607838211
435 435 -4.123991632828552e-23
436 436 -200.4767354815467
437 437 -7.356008525458527e-21
438 438 -159.8597504043582
439 439 -6.117204315350804e-21
440 440 -0.627870778002944
441 441 -1.818971322661027e-23
442 442 -65.19560094647188
443 443 -8.402739351404601e-22
444 444 -4.604868107858015
445 445 -1.052715725090255e-22
446 446 6.821254713118248
447 447 1.104562538108157e-22
448 448 -5679123.232761486
449 449 -1.306053455616364e-15
450 450 -851.5130967977303
451 451 -3.086684172806754e-19
452 452 -41077675.00682413
453 453 -1.312086144006739e-15
454 454 18184074.80602786
455 455 9.239102373803999e-10
456 456 -4.693463379467666
457 457 -5.464139583979307e-19
458 458 -0.07916705806663986
459 459 -1.512131801004545e-18
460 460 24823.88690419151
461 461 9.043194479192456e-20
462 462 197156843.2487885
463 463 3.635671006673008e-16
464 464 266235200.038824
465 465 6.390667680237437e-16
466 466 -1867.76456004313
467 467 -1.954175242194877e-19
468 468 -1473.620857374741
469 469 -1.825180204066607e-19
470 470 0.3358965633064944
471 471 3.590957479863992e-23
472 472 -1.415388940652825
473 473 -1.025606290337068e-22
474 474 -0.944912848171364
475 475 -7.526938006507452e-23
476 476 6.202084168740677
477 477 5.090033397978284e-22
478 478 -544.5302149328215
479 479 -3.263466773251903e-20
480 480 -439.0257531722426
481 481 -2.98296072319338e-20
482 482 1.527110198685345
483 483 9.340931569987754e-23
484 484 -632.1538286237013
485 485 -4.658300337072655e-20
486 486 -26.05212881334178
487 487 -1.708077103622753e-21
488 488 -520.1520545973982
489 489 -6.790909171166486e-20
490 490 -1.125500325028161
491 491 -3.165340097170535e-23
492 492 -169.0500754886756
493 493 -2.414808141633847e-21
494 494 -116.2476150808291
495 495 -2.513019835684166e-21
496 496 -10331.12535777957
497 497 -7.31631064990936e-20
498 498 230.2964348164441
499 499 2.592623469111864e-21
500 500 -3327.414896483424
501 501 -2.455515176053541e-20
502 502 -2627.505542341603
503 503 -6.588670958341e-20
504 504 -187.8412913984103
505 505 -1.865691023232817e-20
506 506 42.52550181890771
507 507 1.645170615013977e-21
508 508 0
509 509 0
510 510 0
511 511 4.609471298209637e-09
512 512 0
513 513 4.599675378230313e-09
514 514 0
515 515 1.305432615083907e-08
516 516 0
517 517 4.293846824154204e-09
518 518 0
519 519 4.784094576706005e-09
520 520 0
521 521 0
522 522 0
523 523 3.902643479487669e-09
524 524 0
525 525 4.772216716461293e-09
526 526 0
527 527 4.101379146897455e-09
528 528 0
529 529 5.739489858025499e-09
530 530 0
531 531 0
532 532 0
533 533 0
534 534 131106663532652.8
535 535 2.147157587406859e-08
536 536 85767291553803.94
537 537 1.460067159427231e-08
538 538 -34400.21093089104
539 539 9.94702428020165e-08
540 540 123960466274216.5
541 541 6.135070057659638e-09
542 542 118408775368080.8
543 543 6.134847324465337e-09
544 544 16262688254060.8
545 545 1.559163642171103e-08
546 546 142224420363895.5
547 547 1.226956737892764e-08
548 548 124880488817645.6
549 549 1.84043510688908e-08
550 550 85476969734834.22
551 551 1.431438391591514e-08
552 552 134357591531528.7
553 553 5.725940654743703e-09
554 554 123758320712966.4
555 555 1.342909951003407e-08
556 556 7546546378.362454
557 557 4.295952769094054e-08
558 558 126535117845066.8
559 559 1.526873160921009e-08
560 560 132483202182871.6
561 561 8.808962341527785e-09
562 562 155669617898624.6
563 563 2.290309741469248e-08
564 564 59667618846219.15
565 565 1.321344351243713e-08
566 566 86540702823208.95
567 567 1.43143839158349e-08
568 568 84262027287672.02
569 569 1.4314383915912e-08
570 570 144906985925234.9
571 571 6.36221787855285e-09
572 572 114090746822414.7
573 573 5.205359362592839e-09
574 574 67697912211784.3
575 575 1.611538750026717e-08
576 576 167535669828567.6
577 577 1.151041791425725e-08
578 578 -1942973840.162728
579 579 2.358459256375583e-08
580 580 1969979929920.49
581 581 2.863552517625956e-08
582 582 154835539819966.8
583 583 1.579527123368763e-08
584 584 103027784872582.5
585 585 1.477616419266584e-08
586 586 154555765512340.5
587 587 9.161345396431325e-09
588 588 112038537386519.2
589 589 8.482683419825505e-09
590 590 140546691434220.7
591 591 2.216424628980496e-08
592 592 165355625351798.6
593 593 2.369290685145583e-08
594 594 78438381541583.09
595 595 1.272402512988165e-08
596 596 19876855136158.57
597 597 1.374201809478695e-08
