1
2
598
10 0
10 0
11 0
11 0
10.5 0
10.5 0
11.5 0
11.5 0
4.80129 0.00129195
4.80129 0.00129195
5.475 5.85
5.475 5.85
5.25 3.9
5.25 3.9
5.025 1.95
5.025 1.95
5.5875 6.825
5.5875 6.825
5.025 2.925
5.025 2.925
5.02629 0.976292
5.02629 0.976292
5.5875 6.3375
5.5875 6.3375
5.7 7.3125
5.7 7.3125
5.475 4.875
5.475 4.875
4.20065 0.000645976
4.20065 0.000645976
5.40194 0.00193793
5.40194 0.00193793
5.2125 5.85
5.2125 5.85
5.7375 5.85
5.7375 5.85
4.875 3.9
4.875 3.9
5.625 3.9
5.625 3.9
4.5375 1.95
4.5375 1.95
5.5125 1.95
5.5125 1.95
5.38125 6.825
5.38125 6.825
5.79375 6.825
5.79375 6.825
5.5125 3.4125
5.5125 3.4125
4.5375 2.4375
4.5375 2.4375
4.53815 1.46315
4.53815 1.46315
5.51444 0.489438
5.51444 0.489438
5.38125 6.58125
5.38125 6.58125
5.79375 6.09375
5.79375 6.09375
5.85 7.06875
5.85 7.06875
5.55 7.55625
5.55 7.55625
5.2125 5.3625
5.2125 5.3625
5.7375 4.3875
5.7375 4.3875
5.025 2.4375
5.025 2.4375
5.5125 2.4375
5.5125 2.4375
5.5125 2.925
5.5125 2.925
5.1375 3.4125
5.1375 3.4125
4.7625 3.4125
4.7625 3.4125
4.65 2.925
4.65 2.925
5.51379 0.976292
5.51379 0.976292
5.51315 1.46315
5.51315 1.46315
5.02565 1.46315
5.02565 1.46315
4.42565 0.975646
4.42565 0.975646
4.31315 0.488146
4.31315 0.488146
4.91379 0.488792
4.91379 0.488792
5.79375 6.3375
5.79375 6.3375
5.79375 6.58125
5.79375 6.58125
5.5875 6.58125
5.5875 6.58125
5.325 6.3375
5.325 6.3375
5.26875 6.09375
5.26875 6.09375
5.53125 6.09375
5.53125 6.09375
5.49375 7.3125
5.49375 7.3125
5.4375 7.06875
5.4375 7.06875
5.64375 7.06875
5.64375 7.06875
5.85 7.3125
5.85 7.3125
5.85 7.55625
5.85 7.55625
5.7 7.55625
5.7 7.55625
5.7375 4.875
5.7375 4.875
5.7375 5.3625
5.7375 5.3625
5.475 5.3625
5.475 5.3625
5.1 4.875
5.1 4.875
4.9875 4.3875
4.9875 4.3875
5.3625 4.3875
5.3625 4.3875
3.6 0
3.6 0
4.5 3.9
4.5 3.9
4.95 5.85
4.95 5.85
4.05 1.95
4.05 1.95
1.8 0
1.8 0
5.175 6.825
5.175 6.825
4.725 4.875
4.725 4.875
4.275 2.925
4.275 2.925
3.825 0.975
3.825 0.975
0.9 0
0.9 0
2.7 0
2.7 0
4.5 5.85
4.5 5.85
3.6 3.89808
3.6 3.89808
2.7 1.95
2.7 1.95
2.925 0.975
2.925 0.975
4.275 4.875
4.275 4.875
3.375 2.92308
3.375 2.92308
1.575 0.975
1.575 0.975
5.2875 7.3125
5.2875 7.3125
5.0625 6.3375
5.0625 6.3375
4.95 6.825
4.95 6.825
4.8375 6.3375
4.8375 6.3375
4.8375 5.3625
4.8375 5.3625
4.6125 4.3875
4.6125 4.3875
4.3875 3.4125
4.3875 3.4125
4.1625 2.4375
4.1625 2.4375
3.9375 1.4625
3.9375 1.4625
3.7125 0.4875
3.7125 0.4875
0.45 0
0.45 0
1.35 0
1.35 0
2.25 0
2.25 0
3.15 0
3.15 0
4.275 5.85
4.275 5.85
4.725 5.85
4.725 5.85
3.15 3.89712
3.15 3.89712
4.05 3.89904
4.05 3.89904
2.025 1.95
2.025 1.95
3.375 1.95
3.375 1.95
2.3625 0.4875
2.3625 0.4875
3.4875 1.4625
3.4875 1.4625
4.1625 5.3625
4.1625 5.3625
4.3875 4.3875
4.3875 4.3875
3.0375 3.40962
3.0375 3.40962
3.7125 2.43654
3.7125 2.43654
1.4625 1.4625
1.4625 1.4625
1.6875 0.4875
1.6875 0.4875
5.34375 7.55625
5.34375 7.55625
5.23125 7.06875
5.23125 7.06875
5.11875 6.58125
5.11875 6.58125
5.00625 6.09375
5.00625 6.09375
4.8375 6.825
4.8375 6.825
5.0625 6.825
5.0625 6.825
4.89375 6.09375
4.89375 6.09375
4.78125 6.58125
4.78125 6.58125
3.2625 0.4875
3.2625 0.4875
3.375 0.975
3.375 0.975
2.8125 0.4875
2.8125 0.4875
3.825 4.87404
3.825 4.87404
3.4875 4.38558
3.4875 4.38558
3.9375 4.38654
3.9375 4.38654
4.6125 5.3625
4.6125 5.3625
4.3875 5.3625
4.3875 5.3625
4.5 4.875
4.5 4.875
2.7 2.92308
2.7 2.92308
2.3625 2.43654
2.3625 2.43654
3.0375 2.43654
3.0375 2.43654
3.9375 3.41154
3.9375 3.41154
3.4875 3.41058
3.4875 3.41058
3.825 2.92404
3.825 2.92404
1.125 0.975
1.125 0.975
0.7875 0.4875
0.7875 0.4875
1.2375 0.4875
1.2375 0.4875
2.8125 1.4625
2.8125 1.4625
2.1375 1.4625
2.1375 1.4625
2.25 0.975
2.25 0.975
5.11875 7.06875
5.11875 7.06875
5.175 7.3125
5.175 7.3125
5.00625 7.06875
5.00625 7.06875
4.95 6.3375
4.95 6.3375
5.00625 6.58125
5.00625 6.58125
4.89375 6.58125
4.89375 6.58125
4.6125 6.3375
4.6125 6.3375
4.44375 6.09375
4.44375 6.09375
4.66875 6.09375
4.66875 6.09375
6.00258 0.0025839
6.00258 0.0025839
8 0
8 0
6 3.9
6 3.9
6 5.85
6 5.85
6 1.95
6 1.95
6 6.825
6 6.825
8.36796 1.95
8.36796 1.95
7.00129 0.00129195
7.00129 0.00129195
9 0
9 0
6 4.875
6 4.875
6 2.925
6 2.925
6.00129 0.976292
6.00129 0.976292
6.75 5.85
6.75 5.85
6.75 4.875
6.75 4.875
7.5 3.9
7.5 3.9
7.5 2.925
7.5 2.925
9.25 0.975
9.25 0.975
10.25 0.975
10.25 0.975
7 0.975
7 0.975
6 7.3125
6 7.3125
6 6.3375
6 6.3375
6.375 6.825
6.375 6.825
6.375 6.3375
6.375 6.3375
7.18398 1.95
7.18398 1.95
9.43398 1.95
9.43398 1.95
8.68398 2.925
8.68398 2.925
8.18398 0.975
8.18398 0.975
6.50194 0.00193793
6.50194 0.00193793
7.50065 0.000645976
7.50065 0.000645976
8.5 0
8.5 0
9.5 0
9.5 0
6 5.3625
6 5.3625
6 4.3875
6 4.3875
6 3.4125
6 3.4125
6 2.4375
6 2.4375
6.00065 1.46315
6.00065 1.46315
6.00194 0.489438
6.00194 0.489438
6.375 5.85
6.375 5.85
7.125 5.85
7.125 5.85
6.375 4.3875
6.375 4.3875
7.125 5.3625
7.125 5.3625
6.75 3.9
6.75 3.9
8.25 3.9
8.25 3.9
6.75 2.4375
6.75 2.4375
8.25 3.4125
8.25 3.4125
8.625 0.4875
8.625 0.4875
9.875 1.4625
9.875 1.4625
10.125 0.4875
10.125 0.4875
10.375 1.4625
10.375 1.4625
6.5 1.4625
6.5 1.4625
7.5 0.4875
7.5 0.4875
6 7.55625
6 7.55625
6 7.06875
6 7.06875
6 6.58125
6 6.58125
6 6.09375
6 6.09375
6.1875 6.825
6.1875 6.825
6.5625 6.825
6.5625 6.825
6.1875 6.09375
6.1875 6.09375
6.5625 6.58125
6.5625 6.58125
6.59199 1.95
6.59199 1.95
7.77597 1.95
7.77597 1.95
8.90097 1.95
8.90097 1.95
9.96699 1.95
9.96699 1.95
8.52597 2.4375
8.52597 2.4375
8.84199 3.4125
8.84199 3.4125
8.27597 1.4625
8.27597 1.4625
8.09199 0.4875
8.09199 0.4875
6.375 4.875
6.375 4.875
6.75 5.3625
6.75 5.3625
6.375 5.3625
6.375 5.3625
7.875 4.3875
7.875 4.3875
7.5 4.875
7.5 4.875
7.125 4.3875
7.125 4.3875
6.75 2.925
6.75 2.925
7.5 3.4125
7.5 3.4125
6.75 3.4125
6.75 3.4125
9.625 0.4875
9.625 0.4875
9.75 0.975
9.75 0.975
9.125 0.4875
9.125 0.4875
11.125 0.4875
11.125 0.4875
10.75 0.975
10.75 0.975
10.625 0.4875
10.625 0.4875
6.50065 0.975646
6.50065 0.975646
6.50129 0.488792
6.50129 0.488792
7.00065 0.488146
7.00065 0.488146
6.375 7.06875
6.375 7.06875
6.1875 7.3125
6.1875 7.3125
6.1875 7.06875
6.1875 7.06875
6.1875 6.3375
6.1875 6.3375
6.375 6.58125
6.375 6.58125
6.1875 6.58125
6.1875 6.58125
6.9375 6.09375
6.9375 6.09375
6.75 6.3375
6.75 6.3375
6.5625 6.09375
6.5625 6.09375
9.21699 2.925
9.21699 2.925
9.05898 2.4375
9.05898 2.4375
9.59199 2.4375
9.59199 2.4375
8.09199 2.925
8.09199 2.925
7.34199 2.4375
7.34199 2.4375
7.93398 2.4375
7.93398 2.4375
7.59199 0.975
7.59199 0.975
7.68398 1.4625
7.68398 1.4625
7.09199 1.4625
7.09199 1.4625
8.71699 0.975
8.71699 0.975
9.34199 1.4625
9.34199 1.4625
8.80898 1.4625
8.80898 1.4625
0 0
0 0
2.7 3.89616
2.7 3.89616
4.05 5.85
4.05 5.85
1.35 1.95
1.35 1.95
3.375 4.87308
3.375 4.87308
2.025 2.92308
2.025 2.92308
0.675 0.975
0.675 0.975
3.7125 5.36154
3.7125 5.36154
3.0375 4.38462
3.0375 4.38462
2.3625 3.40962
2.3625 3.40962
1.6875 2.43654
1.6875 2.43654
1.0125 1.4625
1.0125 1.4625
0.3375 0.4875
0.3375 0.4875
6 7.8
6 7.8
5.4 7.8
5.4 7.8
12 0
12 0
9 3.9
9 3.9
7.5 5.85
7.5 5.85
10.5 1.95
10.5 1.95
6.75 6.825
6.75 6.825
4.725 6.825
4.725 6.825
5.7 7.8
5.7 7.8
8.25 4.875
8.25 4.875
9.75 2.925
9.75 2.925
11.25 0.975
11.25 0.975
6.375 7.3125
6.375 7.3125
7.125 6.3375
7.125 6.3375
5.0625 7.3125
5.0625 7.3125
4.3875 6.3375
4.3875 6.3375
5.85 7.8
5.85 7.8
5.55 7.8
5.55 7.8
8.625 4.3875
8.625 4.3875
7.875 5.3625
7.875 5.3625
10.125 2.4375
10.125 2.4375
9.375 3.4125
9.375 3.4125
11.625 0.4875
11.625 0.4875
10.875 1.4625
10.875 1.4625
6.5625 7.06875
6.5625 7.06875
6.1875 7.55625
6.1875 7.55625
7.3125 6.09375
7.3125 6.09375
6.9375 6.58125
6.9375 6.58125
5.23125 7.55625
5.23125 7.55625
4.89375 7.06875
4.89375 7.06875
4.55625 6.58125
4.55625 6.58125
4.21875 6.09375
4.21875 6.09375
1
0 0 0
1 1 0
2 2 0
3 3 0
4 4 0
5 5 0
6 6 0
7 7 0
8 8 1862436512054.192
9 9 -15.20885934398178
10 10 2946740198542.092
11 11 -68866.19999999998
12 12 1597448806785.847
13 13 -45910.8
14 14 1727897336176.885
15 15 -22955.40000000002
16 16 5067321264757.632
17 17 -80343.89999999998
18 18 1595501788278.395
19 19 -34433.10000000001
20 20 1830831525606.993
21 21 -11492.90885932589
22 22 3915946782322.176
23 23 -74605.04999999997
24 24 6481406954300.671
25 25 -86082.74999999999
26 26 1969530214471.007
27 27 -57388.49999999999
28 28 1800915209055.353
29 29 -7.604429681460085
30 30 1866443361410.634
31 31 -22.81328900681054
32 32 2722695420678.648
33 33 -68866.19999999998
34 34 3138768965725.924
35 35 -68866.2
36 36 1464146495012.117
37 37 -45910.8
38 38 1701987085521.987
39 39 -45910.8
40 40 1687393197318.663
41 41 -22955.40000000002
42 42 1730037685334.936
43 43 -22955.40000000002
44 44 4983232341952.636
45 45 -80343.89999999998
46 46 5158233281786.705
47 47 -80343.89999999998
48 48 1636671802916.094
49 49 -40171.95
50 50 1600086346259.774
51 51 -28694.25000000001
52 52 1755063911939.058
53 53 -17224.15442966295
54 54 1849184017015.278
55 55 -5761.663288989052
56 56 4351229487527.13
57 57 -77474.47499999998
58 58 3577565244590.622
59 59 -71735.62499999999
60 60 5824325954101.035
61 61 -83213.32499999998
62 62 7226807101715.924
63 63 -88952.17499999999
64 64 2129735704396.236
65 65 -63127.35
66 66 1863980543727.956
67 67 -51649.64999999999
68 68 1661303080680.084
69 69 -28694.25000000001
70 70 1681549233243.727
71 71 -28694.25000000001
72 72 1645517558374.746
73 73 -34433.1
74 74 1568645906019.477
75 75 -40171.95
76 76 1473562019071.341
77 77 -40171.95
78 78 1527278359628.04
79 79 -34433.10000000001
80 80 1821585101246.251
81 81 -11492.90885932589
82 82 1779977043009.265
83 83 -17224.15442966294
84 84 1786354677894.146
85 85 -17224.15442966294
86 86 1791306960994.046
87 87 -11485.30442966299
88 88 1806080915416.25
89 89 -5746.454429663228
90 90 1856366225604.348
91 91 -5754.058859326148
92 92 4041831968383.834
93 93 -74605.04999999997
94 94 4569469829187.052
95 95 -77474.47499999998
96 96 4460063200776.427
97 97 -77474.47499999998
98 98 3746594456200.319
99 99 -74605.04999999997
100 100 3199575738444.97
101 101 -71735.62499999999
102 102 3399473118305.744
103 103 -71735.62499999999
104 104 6435120952844.739
105 105 -86082.74999999999
106 106 5688016304640.774
107 107 -83213.32499999998
108 108 5751030703776.613
109 109 -83213.32499999998
110 110 6522513290029.4
111 111 -86082.74999999999
112 112 7280535552955.313
113 113 -88952.17499999999
114 114 7250964786708.595
115 115 -88952.17499999999
116 116 2111137601878.1
117 117 -57388.49999999999
118 118 2517134663902.47
119 119 -63127.35
120 120 2338872488977.958
121 121 -63127.35
122 122 1726434377852.558
123 123 -57388.49999999999
124 124 1530413619162.503
125 125 -51649.65
126 126 1714813325361.414
127 127 -51649.65
128 128 1682931124869.069
129 129 -2.95385945933955e-08
130 130 1299396323065.956
131 131 -45910.8
132 132 2447166904008.844
133 133 -68866.19999999998
134 134 1609433035997.039
135 135 -22955.40000000003
136 136 1004595963282.483
137 137 -1.388505017707612e-08
138 138 4907933639145.895
139 139 -80343.89999999998
140 140 1425158847405.245
141 141 -57388.5
142 142 1430724959769.518
143 143 -34433.10000000001
144 144 1697794256312.809
145 145 -11477.7000000001
146 146 476230985371.7152
147 147 -1.537331844935354e-08
148 148 1407298132594.776
149 149 -1.842478769460987e-08
150 150 1730021701216.753
151 151 -68866.19999999998
152 152 763812851603.6371
153 153 -45888.21343129969
154 154 1120380772779.073
155 155 -22955.40000000005
156 156 1444211536840.169
157 157 -11477.70000000013
158 158 981159451088.8444
159 159 -57388.5
160 160 1070659032790.471
161 161 -34410.5134312997
162 162 791537821291.4545
163 163 -11477.70000000029
164 164 6404747085206.238
165 165 -86082.74999999999
166 166 3564124294300.598
167 167 -74605.04999999997
168 168 4844831543908.298
169 169 -80343.89999999998
170 170 3398811341062.995
171 171 -74605.04999999997
172 172 1752644102132.241
173 173 -63127.35
174 174 1306614825787.296
175 175 -51649.65
176 176 1348529292096.768
177 177 -40171.95
178 178 1522773801756.885
179 179 -28694.25000000001
180 180 1666112723010.644
181 181 -17216.55000000005
182 182 1702291837676.229
183 183 -5738.850000000389
184 184 177121009109.2133
185 185 -6.538385488478212e-08
186 186 754697045821.5991
187 187 -1.724854210642616e-08
188 188 1221671123434.41
189 189 -1.828538316871284e-08
190 190 1561035138795.062
191 191 -1.857283760897997e-08
192 192 1103543892734.347
193 193 -68866.19999999998
194 194 2143657577952.266
195 195 -68866.19999999998
196 196 416819251311.622
197 197 -45876.92014694953
198 198 1055439209880.116
199 199 -45899.50671564986
200 200 682630616003.7391
201 201 -22955.40000000008
202 202 1414520607836.864
203 203 -22955.40000000004
204 204 1262424424633.924
205 205 -5738.850000000469
206 206 1554980281398.693
207 207 -17216.55000000005
208 208 726685267921.801
209 209 -63127.35000000001
210 210 1153006309052.047
211 211 -51649.65
212 212 611903702331.1692
213 213 -40138.07014694953
214 214 1392355472134.514
215 215 -28682.95671564986
216 216 492427961339.1675
217 217 -17216.55000000018
218 218 932968673065.5029
219 219 -5738.850000000564
220 220 7208251035281.489
221 221 -88952.17499999999
222 222 5638742245833.254
223 223 -83213.32499999998
224 224 4215451687854.211
225 225 -77474.47499999998
226 226 2966719655166.022
227 227 -71735.62499999999
228 228 4822663881162.048
229 229 -80343.89999999998
230 230 4873762456400.113
231 231 -80343.89999999998
232 232 2853424993977.776
233 233 -71735.62499999999
234 234 4060634562717.501
235 235 -77474.47499999998
236 236 1587003356799.693
237 237 -5738.850000000386
238 238 1586989297582.912
239 239 -11477.7000000001
240 240 1440723764240.35
241 241 -5738.850000000418
242 242 488281790892.3305
243 243 -57377.20671564985
244 244 425003176301.2953
245 245 -51627.06343129969
246 246 808421677795.5978
247 247 -51638.35671564985
248 248 1464593200211.025
249 249 -63127.35
250 250 1121447659076.523
251 251 -63127.35000000001
252 252 1213069838580.21
253 253 -57388.5
254 254 639159064393.6675
255 255 -34410.5134312997
256 256 666162913975.6257
257 257 -28682.95671564988
258 258 1102657869898.852
259 259 -28682.95671564987
260 260 1158644419530.228
261 261 -40160.65671564985
262 262 916439134188.5065
263 263 -40149.3634312997
264 264 1276666272344.868
265 265 -34421.80671564986
266 266 463878654546.1365
267 267 -11477.7000000005
268 268 377184432317.0685
269 269 -5738.850000001824
270 270 673307015832.2432
271 271 -5738.85000000087
272 272 1319903645818.791
273 273 -17216.55000000007
274 274 984207238130.9436
275 275 -17216.55000000011
276 276 1164515410612.643
277 277 -11477.70000000017
278 278 5619412759626.974
279 279 -83213.32499999998
280 280 6396668998835.775
281 281 -86082.74999999999
282 282 5606659973258.649
283 283 -83213.32499999998
284 284 3482477474475.296
285 285 -74605.04999999997
286 286 4160488768091.561
287 287 -77474.47499999998
288 288 4108349504447.002
289 289 -77474.47499999998
290 290 3231975654191.64
291 291 -74605.04999999997
292 292 2293734796874.912
293 293 -71735.62499999999
294 294 2596952960408.33
295 295 -71735.62499999999
296 296 1811450144012.273
297 297 -30.41771867131945
298 298 1207945709407.818
299 299 -1.107445135056899e-08
300 300 1782249218700.799
301 301 -45910.8
302 302 3311923440055.242
303 303 -68866.19999999998
304 304 1693742990511.026
305 305 -22955.40000000001
306 306 5255865198306.208
307 307 -80343.89999999998
308 308 1069755989449.464
309 309 -22955.39999999998
310 310 1588891265657.961
311 311 -15.20885934470431
312 312 664170601610.4733
313 313 -2.080832751318552e-08
314 314 2234775345236.378
315 315 -57388.49999999999
316 316 1656363286715.272
317 317 -34433.1
318 318 1774090514732.275
319 319 -11492.90885932589
320 320 3741518925033.665
321 321 -68866.19999999998
322 322 2528645496930.302
323 323 -57388.49999999999
324 324 1946528281536.517
325 325 -45910.8
326 326 1504953721894.523
327 327 -34433.09999999999
328 328 530405370500.2622
329 329 -11477.69999999993
330 330 75776583540.14713
331 331 -11477.69999999966
332 332 1555167844775.193
333 333 -11477.70000000006
334 334 6568513667711.642
335 335 -86082.74999999999
336 336 4163297351875.125
337 337 -74605.04999999997
338 338 5438191128290.565
339 339 -80343.89999999998
340 340 4379252789758.77
341 341 -74605.04999999997
342 342 1458581306031.613
343 343 -22955.4
344 344 666192940755.1433
345 345 -22955.39999999995
346 346 1319231706273.708
347 347 -34433.09999999998
348 348 1089208216959.096
349 349 -11477.70000000002
350 350 1720523976815.074
351 351 -22.81328900754742
352 352 1417590516907.628
353 353 -7.604429681813654
354 354 954688334844.5448
355 355 -1.899999990472406e-08
356 356 340113316992.2841
357 357 -2.688516381586921e-08
358 358 2673193542073.221
359 359 -63127.35
360 360 1950668273233.795
361 361 -51649.64999999999
362 362 1689281752465.527
363 363 -40171.95
364 364 1663308009870.863
365 365 -28694.25
366 366 1735527430828.445
367 367 -17224.15442966294
368 368 1801445544449.054
369 369 -5761.663288989079
370 370 3528793610718.667
371 371 -68866.19999999998
372 372 3962705769637.523
373 373 -68866.19999999998
374 374 2055297934062.904
375 375 -51649.64999999999
376 376 3238030562448.832
377 377 -63127.35
378 378 1880057677405.813
379 379 -45910.8
380 380 2035538290441.877
381 381 -45910.79999999999
382 382 1568430798032.803
383 383 -28694.25
384 384 1652518212485.849
385 385 -40171.94999999998
386 386 879226357083.7394
387 387 -5738.850000000282
388 388 336233622394.0383
389 389 -17216.54999999989
390 390 4309836217.036037
391 391 -5738.849999997822
392 392 216144710832.8289
393 393 -17216.54999999985
394 394 1650650637569.778
395 395 -17216.55000000002
396 396 1408364158699.376
397 397 -5738.850000000336
398 398 7313629347159.905
399 399 -88952.175
400 400 5882787315508.021
401 401 -83213.32499999998
402 402 4679497305137.85
403 403 -77474.47499999998
404 404 3707076451087.874
405 405 -71735.62499999999
406 406 5343907137718.522
407 407 -80343.89999999998
408 408 5538741413546.285
409 409 -80343.89999999998
410 410 3818783141820.595
411 411 -71735.62499999999
412 412 4989404807830.387
413 413 -77474.47499999998
414 414 1601242312303.438
415 415 -22955.40000000001
416 416 1274647175890.945
417 417 -22955.39999999999
418 418 857828396525.4272
419 419 -22955.39999999997
420 420 527716892234.9108
421 421 -22955.39999999993
422 422 1130066662067.603
423 423 -28694.24999999997
424 424 1670831043987.399
425 425 -40171.94999999998
426 426 1050176954678.669
427 427 -17216.54999999998
428 428 1150041645831.239
429 429 -5738.850000000195
430 430 2389367792657.626
431 431 -57388.49999999999
432 432 3053716431098.497
433 433 -63127.35
434 434 2870353453456.615
435 435 -63127.35
436 436 2419621337559.58
437 437 -51649.64999999999
438 438 2814137968399.63
439 439 -57388.49999999999
440 440 2230803654749.233
441 441 -51649.64999999999
442 442 1608807878472.421
443 443 -34433.09999999999
444 444 1679104849377.054
445 445 -40171.94999999998
446 446 1706458157882.472
447 447 -40171.94999999999
448 448 273491080615.4398
449 449 -5738.849999999521
450 450 265562893716.5468
451 451 -11477.69999999982
452 452 585542373803.9229
453 453 -5738.85000000007
454 454 3605200888.420554
455 455 -5738.84999999959
456 456 55782516157.3576
457 457 -11477.69999999978
458 458 2397926261.60786
459 459 -5738.849999999684
460 460 1684837930074.983
461 461 -11485.30442966298
462 462 1710901756469.32
463 463 -5754.058859326158
464 464 1579598009933.383
465 465 -5746.45442966324
466 466 6045446485118.499
467 467 -83213.325
468 468 6632455058120.728
469 469 -86082.75
470 470 5960679203227.544
471 471 -83213.32499999998
472 472 4271413933045.445
473 473 -74605.04999999997
474 474 4882674839478.106
475 475 -77474.47499999998
476 476 4779899855756.757
477 477 -77474.47499999998
478 478 4265182680189.318
479 479 -71735.62499999999
480 480 4603522037933.259
481 481 -74605.04999999997
482 482 4038254905272.682
483 483 -71735.62499999999
484 484 1283864794437.635
485 485 -34433.09999999997
486 486 989692834133.3325
487 487 -28694.24999999997
488 488 896702762336.9985
489 489 -28694.24999999995
490 490 1406371743938.409
491 491 -34433.09999999998
492 492 1445005080406.44
493 493 -28694.24999999999
494 494 1292472728130.098
495 495 -28694.24999999999
496 496 1349421844846.216
497 497 -11477.70000000005
498 498 1296617381823.102
499 499 -17216.55
500 500 1499284123501.438
501 501 -17216.55000000001
502 502 823275312000.4175
503 503 -11477.7
504 504 552673662936.1047
505 505 -17216.54999999993
506 506 804437092599.7913
507 507 -17216.54999999997
508 508 1
509 509 688.6619999999999
510 510 1
511 511 -45865.62686259934
512 512 1
513 513 -68866.19999999965
514 514 1
515 515 -22955.39999999954
516 516 1
517 517 -57365.91343129968
518 518 1
519 519 -34410.51343129958
520 520 1
521 521 -11477.69999999705
522 522 1
523 523 -63116.05671564981
524 524 1
525 525 -51615.77014694952
526 526 1
527 527 -40138.07014694947
528 528 1
529 529 -28682.95671564964
530 530 1
531 531 -17216.54999999872
532 532 1
533 533 -5738.849999989676
534 534 8124310838269.711
535 535 -91821.6000000007
536 536 8049312173521.179
537 537 -91821.60000000049
538 538 5956557872.546935
539 539 -9.838184977264484e-09
540 540 2203149529189.289
541 541 -45910.80000000018
542 542 4201793960133.008
543 543 -68866.20000000019
544 544 475380697624.0501
545 545 -22955.40000000042
546 546 5646067987381.021
547 547 -80343.90000000039
548 548 4809171645916.632
549 549 -80343.90000000059
550 550 8083673633200.782
551 551 -91821.60000000047
552 552 3184107345596.496
553 553 -57388.50000000017
554 554 1332213591872.038
555 555 -34433.1000000004
556 556 81263572231.05388
557 557 -11477.70000000112
558 558 6704710913023.004
559 559 -86082.75000000049
560 560 4850207235823.976
561 561 -74605.05000000028
562 562 6395683106361.772
563 563 -86082.75000000074
564 564 3087688344813.506
565 565 -74605.05000000041
566 566 8105794540186.984
567 567 -91821.60000000047
568 568 8063750017714.577
569 569 -91821.60000000047
570 570 2701561653079.59
571 571 -51649.6500000002
572 572 3676862342061.19
573 573 -63127.35000000017
574 574 892212199576.4889
575 575 -28694.25000000047
576 576 1780161525960.879
577 577 -40171.95000000035
578 578 13299009963.61786
579 579 -5738.850000001858
580 580 230221137502.6935
581 581 -17216.55000000079
582 582 6138189337975.869
583 583 -83213.32500000051
584 584 7360128263000.288
585 585 -88952.17500000048
586 586 4514282868228.672
587 587 -71735.62500000029
588 588 5223585001808.337
589 589 -77474.47500000027
590 590 7208126607019.839
591 591 -88952.17500000073
592 592 5601596891260.969
593 593 -83213.32500000077
594 594 3988295663430.371
595 595 -77474.4750000004
596 596 1973904650875.202
597 597 -71735.62500000044
