1
2
598
10 0
10 0
11 0
11 0
10.5 0
10.5 0
11.5 0
11.5 0
4.80129 0.00129195
4.80129 0.00129195
5.475 5.85
5.475 5.85
5.25 3.9
5.25 3.9
5.025 1.95
5.025 1.95
5.5875 6.825
5.5875 6.825
5.025 2.925
5.025 2.925
5.02629 0.976292
5.02629 0.976292
5.5875 6.3375
5.5875 6.3375
5.7 7.3125
5.7 7.3125
5.475 4.875
5.475 4.875
4.20065 0.000645976
4.20065 0.000645976
5.40194 0.00193793
5.40194 0.00193793
5.2125 5.85
5.2125 5.85
5.7375 5.85
5.7375 5.85
4.875 3.9
4.875 3.9
5.625 3.9
5.625 3.9
4.5375 1.95
4.5375 1.95
5.5125 1.95
5.5125 1.95
5.38125 6.825
5.38125 6.825
5.79375 6.825
5.79375 6.825
5.5125 3.4125
5.5125 3.4125
4.5375 2.4375
4.5375 2.4375
4.53815 1.46315
4.53815 1.46315
5.51444 0.489438
5.51444 0.489438
5.38125 6.58125
5.38125 6.58125
5.79375 6.09375
5.79375 6.09375
5.85 7.06875
5.85 7.06875
5.55 7.55625
5.55 7.55625
5.2125 5.3625
5.2125 5.3625
5.7375 4.3875
5.7375 4.3875
5.025 2.4375
5.025 2.4375
5.5125 2.4375
5.5125 2.4375
5.5125 2.925
5.5125 2.925
5.1375 3.4125
5.1375 3.4125
4.7625 3.4125
4.7625 3.4125
4.65 2.925
4.65 2.925
5.51379 0.976292
5.51379 0.976292
5.51315 1.46315
5.51315 1.46315
5.02565 1.46315
5.02565 1.46315
4.42565 0.975646
4.42565 0.975646
4.31315 0.488146
4.31315 0.488146
4.91379 0.488792
4.91379 0.488792
5.79375 6.3375
5.79375 6.3375
5.79375 6.58125
5.79375 6.58125
5.5875 6.58125
5.5875 6.58125
5.325 6.3375
5.325 6.3375
5.26875 6.09375
5.26875 6.09375
5.53125 6.09375
5.53125 6.09375
5.49375 7.3125
5.49375 7.3125
5.4375 7.06875
5.4375 7.06875
5.64375 7.06875
5.64375 7.06875
5.85 7.3125
5.85 7.3125
5.85 7.55625
5.85 7.55625
5.7 7.55625
5.7 7.55625
5.7375 4.875
5.7375 4.875
5.7375 5.3625
5.7375 5.3625
5.475 5.3625
5.475 5.3625
5.1 4.875
5.1 4.875
4.9875 4.3875
4.9875 4.3875
5.3625 4.3875
5.3625 4.3875
3.6 0
3.6 0
4.5 3.9
4.5 3.9
4.95 5.85
4.95 5.85
4.05 1.95
4.05 1.95
1.8 0
1.8 0
5.175 6.825
5.175 6.825
4.725 4.875
4.725 4.875
4.275 2.925
4.275 2.925
3.825 0.975
3.825 0.975
0.9 0
0.9 0
2.7 0
2.7 0
4.5 5.85
4.5 5.85
3.6 3.89808
3.6 3.89808
2.7 1.95
2.7 1.95
2.925 0.975
2.925 0.975
4.275 4.875
4.275 4.875
3.375 2.92308
3.375 2.92308
1.575 0.975
1.575 0.975
5.2875 7.3125
5.2875 7.3125
5.0625 6.3375
5.0625 6.3375
4.95 6.825
4.95 6.825
4.8375 6.3375
4.8375 6.3375
4.8375 5.3625
4.8375 5.3625
4.6125 4.3875
4.6125 4.3875
4.3875 3.4125
4.3875 3.4125
4.1625 2.4375
4.1625 2.4375
3.9375 1.4625
3.9375 1.4625
3.7125 0.4875
3.7125 0.4875
0.45 0
0.45 0
1.35 0
1.35 0
2.25 0
2.25 0
3.15 0
3.15 0
4.275 5.85
4.275 5.85
4.725 5.85
4.725 5.85
3.15 3.89712
3.15 3.89712
4.05 3.89904
4.05 3.89904
2.025 1.95
2.025 1.95
3.375 1.95
3.375 1.95
2.3625 0.4875
2.3625 0.4875
3.4875 1.4625
3.4875 1.4625
4.1625 5.3625
4.1625 5.3625
4.3875 4.3875
4.3875 4.3875
3.0375 3.40962
3.0375 3.40962
3.7125 2.43654
3.7125 2.43654
1.4625 1.4625
1.4625 1.4625
1.6875 0.4875
1.6875 0.4875
5.34375 7.55625
5.34375 7.55625
5.23125 7.06875
5.23125 7.06875
5.11875 6.58125
5.11875 6.58125
5.00625 6.09375
5.00625 6.09375
4.8375 6.825
4.8375 6.825
5.0625 6.825
5.0625 6.825
4.89375 6.09375
4.89375 6.09375
4.78125 6.58125
4.78125 6.58125
3.2625 0.4875
3.2625 0.4875
3.375 0.975
3.375 0.975
2.8125 0.4875
2.8125 0.4875
3.825 4.87404
3.825 4.87404
3.4875 4.38558
3.4875 4.38558
3.9375 4.38654
3.9375 4.38654
4.6125 5.3625
4.6125 5.3625
4.3875 5.3625
4.3875 5.3625
4.5 4.875
4.5 4.875
2.7 2.92308
2.7 2.92308
2.3625 2.43654
2.3625 2.43654
3.0375 2.43654
3.0375 2.43654
3.9375 3.41154
3.9375 3.41154
3.4875 3.41058
3.4875 3.41058
3.825 2.92404
3.825 2.92404
1.125 0.975
1.125 0.975
0.7875 0.4875
0.7875 0.4875
1.2375 0.4875
1.2375 0.4875
2.8125 1.4625
2.8125 1.4625
2.1375 1.4625
2.1375 1.4625
2.25 0.975
2.25 0.975
5.11875 7.06875
5.11875 7.06875
5.175 7.3125
5.175 7.3125
5.00625 7.06875
5.00625 7.06875
4.95 6.3375
4.95 6.3375
5.00625 6.58125
5.00625 6.58125
4.89375 6.58125
4.89375 6.58125
4.6125 6.3375
4.6125 6.3375
4.44375 6.09375
4.44375 6.09375
4.66875 6.09375
4.66875 6.09375
6.00258 0.0025839
6.00258 0.0025839
8 0
8 0
6 3.9
6 3.9
6 5.85
6 5.85
6 1.95
6 1.95
6 6.825
6 6.825
8.36796 1.95
8.36796 1.95
7.00129 0.00129195
7.00129 0.00129195
9 0
9 0
6 4.875
6 4.875
6 2.925
6 2.925
6.00129 0.976292
6.00129 0.976292
6.75 5.85
6.75 5.85
6.75 4.875
6.75 4.875
7.5 3.9
7.5 3.9
7.5 2.925
7.5 2.925
9.25 0.975
9.25 0.975
10.25 0.975
10.25 0.975
7 0.975
7 0.975
6 7.3125
6 7.3125
6 6.3375
6 6.3375
6.375 6.825
6.375 6.825
6.375 6.3375
6.375 6.3375
7.18398 1.95
7.18398 1.95
9.43398 1.95
9.43398 1.95
8.68398 2.925
8.68398 2.925
8.18398 0.975
8.18398 0.975
6.50194 0.00193793
6.50194 0.00193793
7.50065 0.000645976
7.50065 0.000645976
8.5 0
8.5 0
9.5 0
9.5 0
6 5.3625
6 5.3625
6 4.3875
6 4.3875
6 3.4125
6 3.4125
6 2.4375
6 2.4375
6.00065 1.46315
6.00065 1.46315
6.00194 0.489438
6.00194 0.489438
6.375 5.85
6.375 5.85
7.125 5.85
7.125 5.85
6.375 4.3875
6.375 4.3875
7.125 5.3625
7.125 5.3625
6.75 3.9
6.75 3.9
8.25 3.9
8.25 3.9
6.75 2.4375
6.75 2.4375
8.25 3.4125
8.25 3.4125
8.625 0.4875
8.625 0.4875
9.875 1.4625
9.875 1.4625
10.125 0.4875
10.125 0.4875
10.375 1.4625
10.375 1.4625
6.5 1.4625
6.5 1.4625
7.5 0.4875
7.5 0.4875
6 7.55625
6 7.55625
6 7.06875
6 7.06875
6 6.58125
6 6.58125
6 6.09375
6 6.09375
6.1875 6.825
6.1875 6.825
6.5625 6.825
6.5625 6.825
6.1875 6.09375
6.1875 6.09375
6.5625 6.58125
6.5625 6.58125
6.59199 1.95
6.59199 1.95
7.77597 1.95
7.77597 1.95
8.90097 1.95
8.90097 1.95
9.96699 1.95
9.96699 1.95
8.52597 2.4375
8.52597 2.4375
8.84199 3.4125
8.84199 3.4125
8.27597 1.4625
8.27597 1.4625
8.09199 0.4875
8.09199 0.4875
6.375 4.875
6.375 4.875
6.75 5.3625
6.75 5.3625
6.375 5.3625
6.375 5.3625
7.875 4.3875
7.875 4.3875
7.5 4.875
7.5 4.875
7.125 4.3875
7.125 4.3875
6.75 2.925
6.75 2.925
7.5 3.4125
7.5 3.4125
6.75 3.4125
6.75 3.4125
9.625 0.4875
9.625 0.4875
9.75 0.975
9.75 0.975
9.125 0.4875
9.125 0.4875
11.125 0.4875
11.125 0.4875
10.75 0.975
10.75 0.975
10.625 0.4875
10.625 0.4875
6.50065 0.975646
6.50065 0.975646
6.50129 0.488792
6.50129 0.488792
7.00065 0.488146
7.00065 0.488146
6.375 7.06875
6.375 7.06875
6.1875 7.3125
6.1875 7.3125
6.1875 7.06875
6.1875 7.06875
6.1875 6.3375
6.1875 6.3375
6.375 6.58125
6.375 6.58125
6.1875 6.58125
6.1875 6.58125
6.9375 6.09375
6.9375 6.09375
6.75 6.3375
6.75 6.3375
6.5625 6.09375
6.5625 6.09375
9.21699 2.925
9.21699 2.925
9.05898 2.4375
9.05898 2.4375
9.59199 2.4375
9.59199 2.4375
8.09199 2.925
8.09199 2.925
7.34199 2.4375
7.34199 2.4375
7.93398 2.4375
7.93398 2.4375
7.59199 0.975
7.59199 0.975
7.68398 1.4625
7.68398 1.4625
7.09199 1.4625
7.09199 1.4625
8.71699 0.975
8.71699 0.975
9.34199 1.4625
9.34199 1.4625
8.80898 1.4625
8.80898 1.4625
0 0
0 0
2.7 3.89616
2.7 3.89616
4.05 5.85
4.05 5.85
1.35 1.95
1.35 1.95
3.375 4.87308
3.375 4.87308
2.025 2.92308
2.025 2.92308
0.675 0.975
0.675 0.975
3.7125 5.36154
3.7125 5.36154
3.0375 4.38462
3.0375 4.38462
2.3625 3.40962
2.3625 3.40962
1.6875 2.43654
1.6875 2.43654
1.0125 1.4625
1.0125 1.4625
0.3375 0.4875
0.3375 0.4875
6 7.8
6 7.8
5.4 7.8
5.4 7.8
12 0
12 0
9 3.9
9 3.9
7.5 5.85
7.5 5.85
10.5 1.95
10.5 1.95
6.75 6.825
6.75 6.825
4.725 6.825
4.725 6.825
5.7 7.8
5.7 7.8
8.25 4.875
8.25 4.875
9.75 2.925
9.75 2.925
11.25 0.975
11.25 0.975
6.375 7.3125
6.375 7.3125
7.125 6.3375
7.125 6.3375
5.0625 7.3125
5.0625 7.3125
4.3875 6.3375
4.3875 6.3375
5.85 7.8
5.85 7.8
5.55 7.8
5.55 7.8
8.625 4.3875
8.625 4.3875
7.875 5.3625
7.875 5.3625
10.125 2.4375
10.125 2.4375
9.375 3.4125
9.375 3.4125
11.625 0.4875
11.625 0.4875
10.875 1.4625
10.875 1.4625
6.5625 7.06875
6.5625 7.06875
6.1875 7.55625
6.1875 7.55625
7.3125 6.09375
7.3125 6.09375
6.9375 6.58125
6.9375 6.58125
5.23125 7.55625
5.23125 7.55625
4.89375 7.06875
4.89375 7.06875
4.55625 6.58125
4.55625 6.58125
4.21875 6.09375
4.21875 6.09375
1
0 0 0
1 1 0
2 2 0
3 3 0
4 4 0
5 5 0
6 6 0
7 7 0
8 8 -1.848370413560835e+22
9 9 -3.219322396903723e-05
10 10 0.2249953325130273
11 11 1.502728232499246e-23
12 12 2.749844530016194
13 13 4.339285308749998e-23
14 14 -375.7250344667907
15 15 -1.625451376003852e-21
16 16 0.5714225821824604
17 17 6.07061756063563e-23
18 18 20.36340084797951
19 19 1.526523376776321e-22
20 20 -8593.943732435482
21 21 -1.77241146242344e-20
22 22 -0.5501668095316666
23 23 -4.733567493612078e-23
24 24 -0.2342178584633748
25 25 -3.10032059076507e-23
26 26 -1.017246688342058
27 27 -3.573451234639698e-23
28 28 -3.280835970683362e+23
29 29 -0.000126191196509105
30 30 -5.039600465448926e+21
31 31 -1.845005034726783e-05
32 32 -0.105391118467251
33 33 -8.139777925892384e-24
34 34 -1.502690381185881
35 35 -9.078983071307217e-23
36 36 -1.623783336322764
37 37 -2.662743257683719e-23
38 38 -2.447206219624923
39 39 -3.895494765798746e-23
40 40 -255.5062892985108
41 41 -9.869625356316844e-22
42 42 -135.8511874407806
43 43 -6.779673417967425e-22
44 44 -0.269397526526128
45 45 -3.048115990386068e-23
46 46 -0.1856744777777131
47 47 -1.869852666332716e-23
48 48 20.88881261338817
49 49 2.337516994997871e-22
50 50 127.7813866536947
51 51 6.524790558922026e-22
52 52 -2574.933545319965
53 53 -7.046277061093446e-21
54 54 72195030.30243014
55 55 8.804049878806143e-17
56 56 0.5205093826991808
57 57 5.399759884802975e-23
58 58 1.721384007574684
59 59 1.221894831543098e-22
60 60 0.08601783183263251
61 61 9.736247968338849e-24
62 62 -142.7121363779877
63 63 -2.206674788692346e-20
64 64 1.112417270321518
65 65 6.581510943342682e-23
66 66 -5.546449048647698
67 67 -1.278823212302577e-22
68 68 -184.8853095586372
69 69 -1.026930152017958e-21
70 70 -285.43136985926
71 71 -1.791665371606509e-21
72 72 -33.1644781614108
73 73 -2.741233133760418e-22
74 74 -55.49379922973665
75 75 -5.910254907277498e-22
76 76 20.2789658262076
77 77 2.135863275207998e-22
78 78 -15.08762017419671
79 79 -1.084860714404742e-22
80 80 -33800.20200582642
81 81 -8.228678617490276e-20
82 82 1817.139677528307
83 83 6.576622777965221e-21
84 84 -1040.02387630963
85 85 -3.235555065131465e-21
86 86 24140.88222796948
87 87 4.2953291578169e-20
88 88 623275032.7993691
89 89 5.411371323666996e-16
90 90 146746335.4718328
91 91 1.48798185674169e-16
92 92 -0.8030644133681935
93 93 -6.399694979774175e-23
94 94 -0.5097796961597048
95 95 -4.568864129139891e-23
96 96 0.2367412538639454
97 97 2.257868901059019e-23
98 98 -0.1490359961845892
99 99 -1.430473693122111e-23
100 100 -0.1490127175643122
101 101 -1.329910623150922e-23
102 102 0.1599346068923436
103 103 1.245382405592533e-23
104 104 -0.4777123366154437
105 105 -6.55043384421121e-23
106 106 0.2576070875496167
107 107 3.190313337976574e-23
108 108 -0.3467045792456612
109 109 -4.086816117045243e-23
110 110 -1.18938776817888
111 111 -1.535108516924801e-22
112 112 -149.1616756749672
113 113 -2.224487623925638e-20
114 114 -145.7397011032727
115 115 -2.20855017987696e-20
116 116 3.391864233921844
117 117 1.129880197885177e-22
118 118 -0.1201609945515867
119 119 -5.635268069944967e-24
120 120 1.021299200633996
121 121 5.225430391839008e-23
122 122 1.467525939141546
123 123 5.877631154068071e-23
124 124 2.41303322421026
125 125 6.202034752376193e-23
126 126 1.690135912557493
127 127 4.021460696342466e-23
128 128 -1.453400579180248e+23
129 129 9.85863505152578e-05
130 130 19.25508765526114
131 131 3.568075965198344e-22
132 132 -0.7764973654047995
133 133 -7.237181583411575e-23
134 134 -623.9937070382034
135 135 -2.159105916289229e-21
136 136 -1.103826709934873e+23
137 137 5.63270636898302e-05
138 138 0.3582854182603022
139 139 4.261599142017683e-23
140 140 0.4696405862114538
141 141 2.200413508770645e-23
142 142 41.64427154548937
143 143 3.172499901526264e-22
144 144 -14773.33092635103
145 145 -2.333644529142173e-20
146 146 -1.36545184706177e+23
147 147 6.571662460069043e-05
148 148 -1.144286636701609e+23
149 149 6.571488581192076e-05
150 150 -0.4041291766045066
151 151 -8.364143583984093e-23
152 152 9.125503462420724
153 153 3.362957088084868e-22
154 154 -18817.48290661223
155 155 -3.264167244418668e-20
156 156 18159.19922547642
157 157 2.433819469392144e-20
158 158 -0.2134427665370641
159 159 -2.146976125035981e-23
160 160 118.5406825062223
161 161 9.744103324854758e-22
162 162 11518183.84690111
163 163 8.679161875455009e-18
164 164 0.394475667450042
165 165 5.514711688019003e-23
166 166 -0.09120123413128702
167 167 -9.785740493987836e-24
168 168 -0.04082047352761514
169 169 -5.400371476744255e-24
170 170 -2.466926145035544
171 171 -3.383287021364516e-22
172 172 1.33594141276915
173 173 9.648795640800368e-23
174 174 3.544093232304061
175 175 9.985166374767308e-23
176 176 -44.69121789086052
177 177 -5.282158797401906e-22
178 178 -371.7061423791642
179 179 -1.89951942550319e-21
180 180 -7394.186467808151
181 181 -1.798905159230386e-20
182 182 -371626059.2014136
183 183 -2.888639941750099e-16
184 184 1.375489219725453e+23
185 185 -0.0001891454122732937
186 186 -1.337527890020557e+23
187 187 6.5716626534487e-05
188 188 -1.231184780735212e+23
189 189 6.571490522059918e-05
190 190 -1.045489777028274e+23
191 191 6.571490245637988e-05
192 192 -104.220379060518
193 193 -6.69197189336661e-20
194 194 0.1598648430387649
195 195 2.045380094220744e-23
196 196 -401.4510504979359
197 197 -6.660314538835714e-20
198 198 9.503772593298642
199 199 2.114689071062193e-22
200 200 -1210715.923996167
201 201 -1.671324593580302e-18
202 202 -1487.279670624139
203 203 -4.367617248220378e-21
204 204 -536386615.1912408
205 205 -3.276495773559829e-16
206 206 -11312.48366302795
207 207 -2.536707007499767e-20
208 208 -28.65925693160984
209 209 -2.359438531193553e-20
210 210 -2.317543143863784
211 211 -8.385945994417632e-23
212 212 -713.7496049157493
213 213 -4.008955368062531e-20
214 214 -658.625242488766
215 215 -3.082079998317634e-21
216 216 1.984855011957537e+17
217 217 2.349385753901358e-08
218 218 -761428019.0668989
219 219 -4.149873404686121e-16
220 220 -989.5416593197593
221 221 -1.53573033163765e-19
222 222 -0.1918826288152536
223 223 -2.464382487273103e-23
224 224 -0.5525063911778704
225 225 -6.209139478001759e-23
226 226 -1.696334060009321
227 227 -1.734857137530225e-22
228 228 -1556.914481820052
229 229 -2.154255917816833e-19
230 230 -0.02225564169516524
231 231 -2.817586209987875e-24
232 232 4.539002023609139
233 233 5.65750490903816e-22
234 234 -359.3110142292119
235 235 -5.167002110721605e-20
236 236 -461202145.8471723
237 237 -3.266152621348899e-16
238 238 -227885.5863197794
239 239 -3.277321686530844e-19
240 240 -499546958.4524689
241 241 -3.233201447331969e-16
242 242 -50.86817872230576
243 243 -2.540918423682952e-20
244 244 -137.8537802476156
245 245 -4.252803092876716e-20
246 246 -0.4046082698726591
247 247 -2.464799827037612e-23
248 248 0.9759835407774299
249 249 1.009332010119843e-22
250 250 1.002942620674628
251 251 1.693675549814253e-22
252 252 2.9215778421361
253 253 1.827719754850818e-22
254 254 -3477.926054764877
255 255 -7.257149711894044e-20
256 256 -26054.97736465886
257 257 -1.761426705858829e-19
258 258 -223.0160678675139
259 259 -8.950120615907883e-22
260 260 24.84902605445762
261 261 3.235882703463552e-22
262 262 58.11954945052641
263 263 1.019930637488738e-21
264 264 102.0550546098083
265 265 7.857984655872602e-22
266 266 5865483023484.577
267 267 3.229861279814577e-08
268 268 8.556472989735365e+16
269 269 1.551992659164547e-07
270 270 -1266057302.998959
271 271 -9.888388133930366e-16
272 272 -59649.20756751021
273 273 -1.032404037803971e-19
274 274 101420.8220207585
275 275 5.766365202390842e-20
276 276 -310012.8986732904
277 277 -3.15408023052865e-19
278 278 0.1338632912033431
279 279 1.813615070354951e-23
280 280 -1714.739710930946
281 281 -2.507671272106596e-19
282 282 -1920.044705739597
283 283 -2.684040659197601e-19
284 284 5.202189725092286
285 285 6.250736562167491e-22
286 286 1.267078539350659
287 287 1.55228486946647e-22
288 288 3.237782323097405
289 289 4.218562415012472e-22
290 290 -251.084026934668
291 291 -4.149567888892448e-20
292 292 -180.5583436890728
293 293 -4.477671733645044e-20
294 294 0.7261637690426057
295 295 1.157097379547801e-22
296 296 -2.106073612472245e+21
297 297 -1.344827094144262e-05
298 298 -9.527834186189401e+21
299 299 4.638558403832819e-05
300 300 5.09005798563057
301 301 8.678570617394077e-23
302 302 0.3843861311884067
303 303 2.212858952109706e-23
304 304 16.68123055344707
305 305 1.022632447809819e-22
306 306 -1.372795148700354
307 307 -1.342298070237294e-22
308 308 26.16181671469759
309 309 6.904160438036177e-22
310 310 -7.764919777817788e+21
311 311 -3.222799282993707e-05
312 312 -2.161151214879422e+21
313 313 6.571490299530679e-05
314 314 1.932206268443813
315 315 6.460057296834391e-23
316 316 37.37138815723775
317 317 3.700281577144349e-22
318 318 -11429.47291797658
319 319 -3.355672604254137e-20
320 320 0.8622212679675986
321 321 4.492531279584855e-23
322 322 -0.3378309268527326
323 323 -1.13081941661475e-23
324 324 0.5507581754354339
325 325 1.454646779768786e-23
326 326 0.7257108192297661
327 327 1.359576598063721e-23
328 328 -780.9836344867114
329 329 -5.53116444882526e-20
330 330 -34.16702380940498
331 331 -4.175147746865464e-19
332 332 10377.21085688453
333 333 5.020392017775905e-20
334 334 0.9892616735260388
335 335 1.244741812437525e-22
336 336 2.934461854015574
337 337 2.253501789707359e-22
338 338 0.5769749765236304
339 339 5.268886236704781e-23
340 340 0.09907800420775696
341 341 6.877833119579655e-24
342 342 90.11567092805988
343 343 1.008400642501702e-21
344 344 -21.99645546309385
345 345 -2.165721855806419e-21
346 346 2.145179141659772
347 347 9.500749894354643e-23
348 348 4570.660639600429
349 349 5.587094024196656e-20
350 350 -3.312527703977792e+21
351 351 -1.846997701290944e-05
352 352 -8.614360972191399e+22
353 353 -0.0001263274727932974
354 354 -6.193915801506306e+21
355 355 6.571490640974732e-05
356 356 -2.446930165774394e+20
357 357 6.57148952605414e-05
358 358 2.999912218284331
359 359 1.366507304201096e-22
360 360 4.130424444623041
361 361 9.983071528284377e-23
362 362 -19.22088007658754
363 363 -2.484411843563659e-22
364 364 -241.5806353942535
365 365 -1.859200429961668e-21
366 366 -1555.826407476854
367 367 -6.743128295558261e-21
368 368 44161848.17749746
369 369 6.565817754183062e-17
370 370 -0.179824712015919
371 371 -9.642506158537766e-24
372 372 -195.286533587275
373 373 -1.017292121056495e-20
374 374 2.946662856017935
375 375 7.188224023957292e-23
376 376 -39.78753178963143
377 377 -1.731050454926866e-21
378 378 -0.5275972998434668
379 379 -1.0601662970157e-23
380 380 -99.47270544823697
381 381 -3.685751627556382e-21
382 382 39.58680874297125
383 383 4.008295217081896e-22
384 384 14.48478818821
385 385 4.936302693676147e-22
386 386 -30739272.75314016
387 387 -3.505020820227553e-16
388 388 -35.2794561951709
389 389 -1.311554411883317e-20
390 390 51.31001916684395
391 391 8.610339826255452e-17
392 392 -30.5292260596551
393 393 -9.078549604496044e-20
394 394 -758.4074320648549
395 395 -4.144729676055266e-21
396 396 162997147.9589233
397 397 5.595903905670714e-16
398 398 -516.4620791924972
399 399 -7.557917056878679e-20
400 400 -2.006372944689887
401 401 -2.19386939084244e-22
402 402 -3.449865465001828
403 403 -2.994300987456194e-22
404 404 0.3316825277061239
405 405 2.25408580191177e-23
406 406 0.8943310570588715
407 407 8.39640690451958e-23
408 408 -696.3776782497424
409 409 -6.227137076117881e-20
410 410 0.7198345883256188
411 411 4.544236976801585e-23
412 412 -138.0685010368436
413 413 -1.063337073661582e-20
414 414 -293.6585802828792
415 415 -2.326693923551811e-21
416 416 78.08164524952235
417 417 1.356405077347789e-21
418 418 -45.4435559997174
419 419 -2.04012247879059e-21
420 420 -147.5488658709559
421 421 -3.973963996834858e-20
422 422 -12.90082116773598
423 423 -4.555232329153398e-22
424 424 -216.6193396338115
425 425 -1.11058298863643e-20
426 426 -488.3963218529213
427 427 -9.433521661638952e-21
428 428 -40742376.55363344
429 429 -2.301945034828123e-16
430 430 0.5113759040865097
431 431 1.637058341564119e-23
432 432 0.03312301392989005
433 433 1.398571076790147e-24
434 434 -0.4875250303881549
435 435 -2.061995816398391e-23
436 436 -70.32327973380011
437 437 -2.580342522125987e-21
438 438 -56.51549080193949
439 439 -2.162625697483685e-21
440 440 -0.3139353890544873
441 441 -9.09485661484101e-24
442 442 -32.59780047311888
443 443 -4.201369675687214e-22
444 444 -2.30243405390946
445 445 -5.263578625406585e-23
446 446 3.410627356527651
447 447 5.522812690489819e-23
448 448 -1412913.677928544
449 449 -3.249340991406698e-16
450 450 -425.760637380003
451 451 -1.543356908716044e-19
452 452 -10267191.58467369
453 453 -3.279503967513977e-16
454 454 6832593.492841635
455 455 3.670281960751692e-10
456 456 -1.762266291625025
457 457 -2.051633990307788e-19
458 458 -0.03947229126662121
459 459 -7.539412015604945e-19
460 460 12412.35064190391
461 461 4.521745576423546e-20
462 462 48666701.82662315
463 463 8.974383739659583e-17
464 464 66496522.0163479
465 465 1.596172008945857e-16
466 466 -657.910493497796
467 467 -6.883482134086097e-20
468 468 -518.8821540872876
469 469 -6.42671031116331e-20
470 470 0.1679482773723217
471 471 1.795478694166058e-23
472 472 -0.7076944703058715
473 473 -5.128031451536498e-23
474 474 -0.4724564246862674
475 475 -3.763469008037839e-23
476 476 3.101042084335989
477 477 2.545016698960952e-22
478 478 -192.5578660635676
479 479 -1.154033661666083e-20
480 480 -154.444203530724
481 481 -1.04937122646718e-20
482 482 0.7635550989932947
483 483 4.670465782856824e-23
484 484 -222.8089086873511
485 485 -1.641864317583544e-20
486 486 -13.00913094701122
487 487 -8.529283294976061e-22
488 488 -185.30518750453
489 489 -2.419274683560065e-20
490 490 -0.5479409475512985
491 491 -1.541020836331029e-23
492 492 -84.54253231864064
493 493 -1.207653973340414e-21
494 494 -58.12380754019409
495 495 -1.256509917837317e-21
496 496 -5165.738702425244
497 497 -3.658279981545567e-20
498 498 115.0742146923761
499 499 1.295478629266945e-21
500 500 -1663.848563558688
501 501 -1.227861726167997e-20
502 502 -1313.642165706743
503 503 -3.294058127516191e-20
504 504 -93.91831669388381
505 505 -9.328223792992868e-21
506 506 21.26275090630942
507 507 8.225853073853409e-22
508 508 0
509 509 0
510 510 0
511 511 2.304735649102935e-09
512 512 0
513 513 2.299837689112082e-09
514 514 0
515 515 6.12425177474038e-09
516 516 0
517 517 2.146923412075241e-09
518 518 0
519 519 2.392047288351492e-09
520 520 0
521 521 0
522 522 0
523 523 1.951321739742326e-09
524 524 0
525 525 2.386108358228322e-09
526 526 0
527 527 2.050689573447703e-09
528 528 0
529 529 2.869744929011433e-09
530 530 0
531 531 0
532 532 0
533 533 0
534 534 65553331765985.16
535 535 1.073578793697841e-08
536 536 42883645776760.99
537 537 7.300335797112154e-09
538 538 55963.41160795192
539 539 4.496845405442619e-08
540 540 61980233137052.5
541 541 3.06753502882706e-09
542 542 59204387683983.57
543 543 3.067423662229723e-09
544 544 8131344127007.396
545 545 7.795818210833459e-09
546 546 71112210181591.31
547 547 6.134783689433068e-09
548 548 62440244408009.3
549 549 9.202175534325512e-09
550 550 42738484867310.49
551 551 7.157191957939713e-09
552 552 67178795765719.56
553 553 2.862970327369943e-09
554 554 61879160356347
555 555 6.714549755002256e-09
556 556 3773273189.150976
557 557 2.147976384529806e-08
558 558 63267558922080.55
559 559 7.634365804550406e-09
560 560 66241601091299.18
561 561 4.404481170754808e-09
562 562 77834808947874.06
563 563 1.145154870713464e-08
564 564 29833809422950.59
565 565 6.606721756183354e-09
566 566 43270351411567.79
567 567 7.157191957911379e-09
568 568 42131013643733.68
569 569 7.157191957938614e-09
570 570 72453492962560.67
571 571 3.181108939273931e-09
572 572 57045373411176.14
573 573 2.602679681294995e-09
574 574 33848956105800.19
575 575 8.057693750111695e-09
576 576 83767834914119.42
577 577 5.755208957117335e-09
578 578 3160874445.907762
579 579 1.434562339963311e-08
580 580 984989964955.3047
581 581 1.431776258805797e-08
582 582 77417769909410.23
583 583 7.897635616785343e-09
584 584 51513892435934.45
585 585 7.388082096281746e-09
586 586 77277882755981.53
587 587 4.580672698204474e-09
588 588 56019268693168.27
589 589 4.241341709905838e-09
590 590 70273345715867.74
591 591 1.108212314470652e-08
592 592 82677812674333.61
593 593 1.184645342550358e-08
594 594 39219190770597.25
595 595 6.362012564909307e-09
596 596 9938427568021.398
597 597 6.871009047353455e-09
