1
2
598
10 0
10 0
11 0
11 0
10.5 0
10.5 0
11.5 0
11.5 0
4.80129 0.00129195
4.80129 0.00129195
5.475 5.85
5.475 5.85
5.25 3.9
5.25 3.9
5.025 1.95
5.025 1.95
5.5875 6.825
5.5875 6.825
5.025 2.925
5.025 2.925
5.02629 0.976292
5.02629 0.976292
5.5875 6.3375
5.5875 6.3375
5.7 7.3125
5.7 7.3125
5.475 4.875
5.475 4.875
4.20065 0.000645976
4.20065 0.000645976
5.40194 0.00193793
5.40194 0.00193793
5.2125 5.85
5.2125 5.85
5.7375 5.85
5.7375 5.85
4.875 3.9
4.875 3.9
5.625 3.9
5.625 3.9
4.5375 1.95
4.5375 1.95
5.5125 1.95
5.5125 1.95
5.38125 6.825
5.38125 6.825
5.79375 6.825
5.79375 6.825
5.5125 3.4125
5.5125 3.4125
4.5375 2.4375
4.5375 2.4375
4.53815 1.46315
4.53815 1.46315
5.51444 0.489438
5.51444 0.489438
5.38125 6.58125
5.38125 6.58125
5.79375 6.09375
5.79375 6.09375
5.85 7.06875
5.85 7.06875
5.55 7.55625
5.55 7.55625
5.2125 5.3625
5.2125 5.3625
5.7375 4.3875
5.7375 4.3875
5.025 2.4375
5.025 2.4375
5.5125 2.4375
5.5125 2.4375
5.5125 2.925
5.5125 2.925
5.1375 3.4125
5.1375 3.4125
4.7625 3.4125
4.7625 3.4125
4.65 2.925
4.65 2.925
5.51379 0.976292
5.51379 0.976292
5.51315 1.46315
5.51315 1.46315
5.02565 1.46315
5.02565 1.46315
4.42565 0.975646
4.42565 0.975646
4.31315 0.488146
4.31315 0.488146
4.91379 0.488792
4.91379 0.488792
5.79375 6.3375
5.79375 6.3375
5.79375 6.58125
5.79375 6.58125
5.5875 6.58125
5.5875 6.58125
5.325 6.3375
5.325 6.3375
5.26875 6.09375
5.26875 6.09375
5.53125 6.09375
5.53125 6.09375
5.49375 7.3125
5.49375 7.3125
5.4375 7.06875
5.4375 7.06875
5.64375 7.06875
5.64375 7.06875
5.85 7.3125
5.85 7.3125
5.85 7.55625
5.85 7.55625
5.7 7.55625
5.7 7.55625
5.7375 4.875
5.7375 4.875
5.7375 5.3625
5.7375 5.3625
5.475 5.3625
5.475 5.3625
5.1 4.875
5.1 4.875
4.9875 4.3875
4.9875 4.3875
5.3625 4.3875
5.3625 4.3875
3.6 0
3.6 0
4.5 3.9
4.5 3.9
4.95 5.85
4.95 5.85
4.05 1.95
4.05 1.95
1.8 0
1.8 0
5.175 6.825
5.175 6.825
4.725 4.875
4.725 4.875
4.275 2.925
4.275 2.925
3.825 0.975
3.825 0.975
0.9 0
0.9 0
2.7 0
2.7 0
4.5 5.85
4.5 5.85
3.6 3.89808
3.6 3.89808
2.7 1.95
2.7 1.95
2.925 0.975
2.925 0.975
4.275 4.875
4.275 4.875
3.375 2.92308
3.375 2.92308
1.575 0.975
1.575 0.975
5.2875 7.3125
5.2875 7.3125
5.0625 6.3375
5.0625 6.3375
4.95 6.825
4.95 6.825
4.8375 6.3375
4.8375 6.3375
4.8375 5.3625
4.8375 5.3625
4.6125 4.3875
4.6125 4.3875
4.3875 3.4125
4.3875 3.4125
4.1625 2.4375
4.1625 2.4375
3.9375 1.4625
3.9375 1.4625
3.7125 0.4875
3.7125 0.4875
0.45 0
0.45 0
1.35 0
1.35 0
2.25 0
2.25 0
3.15 0
3.15 0
4.275 5.85
4.275 5.85
4.725 5.85
4.725 5.85
3.15 3.89712
3.15 3.89712
4.05 3.89904
4.05 3.89904
2.025 1.95
2.025 1.95
3.375 1.95
3.375 1.95
2.3625 0.4875
2.3625 0.4875
3.4875 1.4625
3.4875 1.4625
4.1625 5.3625
4.1625 5.3625
4.3875 4.3875
4.3875 4.3875
3.0375 3.40962
3.0375 3.40962
3.7125 2.43654
3.7125 2.43654
1.4625 1.4625
1.4625 1.4625
1.6875 0.4875
1.6875 0.4875
5.34375 7.55625
5.34375 7.55625
5.23125 7.06875
5.23125 7.06875
5.11875 6.58125
5.11875 6.58125
5.00625 6.09375
5.00625 6.09375
4.8375 6.825
4.8375 6.825
5.0625 6.825
5.0625 6.825
4.89375 6.09375
4.89375 6.09375
4.78125 6.58125
4.78125 6.58125
3.2625 0.4875
3.2625 0.4875
3.375 0.975
3.375 0.975
2.8125 0.4875
2.8125 0.4875
3.825 4.87404
3.825 4.87404
3.4875 4.38558
3.4875 4.38558
3.9375 4.38654
3.9375 4.38654
4.6125 5.3625
4.6125 5.3625
4.3875 5.3625
4.3875 5.3625
4.5 4.875
4.5 4.875
2.7 2.92308
2.7 2.92308
2.3625 2.43654
2.3625 2.43654
3.0375 2.43654
3.0375 2.43654
3.9375 3.41154
3.9375 3.41154
3.4875 3.41058
3.4875 3.41058
3.825 2.92404
3.825 2.92404
1.125 0.975
1.125 0.975
0.7875 0.4875
0.7875 0.4875
1.2375 0.4875
1.2375 0.4875
2.8125 1.4625
2.8125 1.4625
2.1375 1.4625
2.1375 1.4625
2.25 0.975
2.25 0.975
5.11875 7.06875
5.11875 7.06875
5.175 7.3125
5.175 7.3125
5.00625 7.06875
5.00625 7.06875
4.95 6.3375
4.95 6.3375
5.00625 6.58125
5.00625 6.58125
4.89375 6.58125
4.89375 6.58125
4.6125 6.3375
4.6125 6.3375
4.44375 6.09375
4.44375 6.09375
4.66875 6.09375
4.66875 6.09375
6.00258 0.0025839
6.00258 0.0025839
8 0
8 0
6 3.9
6 3.9
6 5.85
6 5.85
6 1.95
6 1.95
6 6.825
6 6.825
8.36796 1.95
8.36796 1.95
7.00129 0.00129195
7.00129 0.00129195
9 0
9 0
6 4.875
6 4.875
6 2.925
6 2.925
6.00129 0.976292
6.00129 0.976292
6.75 5.85
6.75 5.85
6.75 4.875
6.75 4.875
7.5 3.9
7.5 3.9
7.5 2.925
7.5 2.925
9.25 0.975
9.25 0.975
10.25 0.975
10.25 0.975
7 0.975
7 0.975
6 7.3125
6 7.3125
6 6.3375
6 6.3375
6.375 6.825
6.375 6.825
6.375 6.3375
6.375 6.3375
7.18398 1.95
7.18398 1.95
9.43398 1.95
9.43398 1.95
8.68398 2.925
8.68398 2.925
8.18398 0.975
8.18398 0.975
6.50194 0.00193793
6.50194 0.00193793
7.50065 0.000645976
7.50065 0.000645976
8.5 0
8.5 0
9.5 0
9.5 0
6 5.3625
6 5.3625
6 4.3875
6 4.3875
6 3.4125
6 3.4125
6 2.4375
6 2.4375
6.00065 1.46315
6.00065 1.46315
6.00194 0.489438
6.00194 0.489438
6.375 5.85
6.375 5.85
7.125 5.85
7.125 5.85
6.375 4.3875
6.375 4.3875
7.125 5.3625
7.125 5.3625
6.75 3.9
6.75 3.9
8.25 3.9
8.25 3.9
6.75 2.4375
6.75 2.4375
8.25 3.4125
8.25 3.4125
8.625 0.4875
8.625 0.4875
9.875 1.4625
9.875 1.4625
10.125 0.4875
10.125 0.4875
10.375 1.4625
10.375 1.4625
6.5 1.4625
6.5 1.4625
7.5 0.4875
7.5 0.4875
6 7.55625
6 7.55625
6 7.06875
6 7.06875
6 6.58125
6 6.58125
6 6.09375
6 6.09375
6.1875 6.825
6.1875 6.825
6.5625 6.825
6.5625 6.825
6.1875 6.09375
6.1875 6.09375
6.5625 6.58125
6.5625 6.58125
6.59199 1.95
6.59199 1.95
7.77597 1.95
7.77597 1.95
8.90097 1.95
8.90097 1.95
9.96699 1.95
9.96699 1.95
8.52597 2.4375
8.52597 2.4375
8.84199 3.4125
8.84199 3.4125
8.27597 1.4625
8.27597 1.4625
8.09199 0.4875
8.09199 0.4875
6.375 4.875
6.375 4.875
6.75 5.3625
6.75 5.3625
6.375 5.3625
6.375 5.3625
7.875 4.3875
7.875 4.3875
7.5 4.875
7.5 4.875
7.125 4.3875
7.125 4.3875
6.75 2.925
6.75 2.925
7.5 3.4125
7.5 3.4125
6.75 3.4125
6.75 3.4125
9.625 0.4875
9.625 0.4875
9.75 0.975
9.75 0.975
9.125 0.4875
9.125 0.4875
11.125 0.4875
11.125 0.4875
10.75 0.975
10.75 0.975
10.625 0.4875
10.625 0.4875
6.50065 0.975646
6.50065 0.975646
6.50129 0.488792
6.50129 0.488792
7.00065 0.488146
7.00065 0.488146
6.375 7.06875
6.375 7.06875
6.1875 7.3125
6.1875 7.3125
6.1875 7.06875
6.1875 7.06875
6.1875 6.3375
6.1875 6.3375
6.375 6.58125
6.375 6.58125
6.1875 6.58125
6.1875 6.58125
6.9375 6.09375
6.9375 6.09375
6.75 6.3375
6.75 6.3375
6.5625 6.09375
6.5625 6.09375
9.21699 2.925
9.21699 2.925
9.05898 2.4375
9.05898 2.4375
9.59199 2.4375
9.59199 2.4375
8.09199 2.925
8.09199 2.925
7.34199 2.4375
7.34199 2.4375
7.93398 2.4375
7.93398 2.4375
7.59199 0.975
7.59199 0.975
7.68398 1.4625
7.68398 1.4625
7.09199 1.4625
7.09199 1.4625
8.71699 0.975
8.71699 0.975
9.34199 1.4625
9.34199 1.4625
8.80898 1.4625
8.80898 1.4625
0 0
0 0
2.7 3.89616
2.7 3.89616
4.05 5.85
4.05 5.85
1.35 1.95
1.35 1.95
3.375 4.87308
3.375 4.87308
2.025 2.92308
2.025 2.92308
0.675 0.975
0.675 0.975
3.7125 5.36154
3.7125 5.36154
3.0375 4.38462
3.0375 4.38462
2.3625 3.40962
2.3625 3.40962
1.6875 2.43654
1.6875 2.43654
1.0125 1.4625
1.0125 1.4625
0.3375 0.4875
0.3375 0.4875
6 7.8
6 7.8
5.4 7.8
5.4 7.8
12 0
12 0
9 3.9
9 3.9
7.5 5.85
7.5 5.85
10.5 1.95
10.5 1.95
6.75 6.825
6.75 6.825
4.725 6.825
4.725 6.825
5.7 7.8
5.7 7.8
8.25 4.875
8.25 4.875
9.75 2.925
9.75 2.925
11.25 0.975
11.25 0.975
6.375 7.3125
6.375 7.3125
7.125 6.3375
7.125 6.3375
5.0625 7.3125
5.0625 7.3125
4.3875 6.3375
4.3875 6.3375
5.85 7.8
5.85 7.8
5.55 7.8
5.55 7.8
8.625 4.3875
8.625 4.3875
7.875 5.3625
7.875 5.3625
10.125 2.4375
10.125 2.4375
9.375 3.4125
9.375 3.4125
11.625 0.4875
11.625 0.4875
10.875 1.4625
10.875 1.4625
6.5625 7.06875
6.5625 7.06875
6.1875 7.55625
6.1875 7.55625
7.3125 6.09375
7.3125 6.09375
6.9375 6.58125
6.9375 6.58125
5.23125 7.55625
5.23125 7.55625
4.89375 7.06875
4.89375 7.06875
4.55625 6.58125
4.55625 6.58125
4.21875 6.09375
4.21875 6.09375
1
0 0 0
1 1 0
2 2 0
3 3 0
4 4 0
5 5 0
6 6 0
7 7 0
8 8 2.106156563516054e-07
9 9 -5.353833190519387e-06
10 10 -5.533294072902681e-11
11 11 7.620862062272761e-06
12 12 -1.364755155324145e-11
13 13 1.253071785611902e-06
14 14 3.186994058389877e-10
15 15 -1.463015117491422e-05
16 16 -3.214331939293981e-11
17 17 5.164878561927439e-06
18 18 7.812092350960554e-11
19 19 -5.379500532304478e-06
20 20 1.64773903526754e-09
21 21 -3.786639039439225e-05
22 22 -3.674459898370412e-11
23 23 5.482481566526062e-06
24 24 -2.632669532200654e-11
25 25 4.532417030447782e-06
26 26 -5.926671156960206e-11
27 27 6.802159022769352e-06
28 28 2.150806597965623e-07
29 29 -2.196518275008377e-06
30 30 2.097105912696345e-07
31 31 -8.520309246264236e-06
32 32 -5.614179588006347e-11
33 33 7.732038607191893e-06
34 34 -5.513384151937252e-11
35 35 7.593270594036551e-06
36 36 1.325960633383826e-11
37 37 -1.217520755492465e-06
38 38 -3.803065495374082e-11
39 39 3.491823750639462e-06
40 40 3.909180221178278e-10
41 41 -1.794545272845213e-05
42 42 2.537307139794825e-10
43 43 -1.164788427248089e-05
44 44 -3.338434684687636e-11
45 45 5.364280285422162e-06
46 46 -3.117278139439096e-11
47 47 5.008762772571156e-06
48 48 -1.269841145835806e-11
49 49 1.020214424591324e-06
50 50 2.136311464259376e-10
51 51 -1.225893470702298e-05
52 52 7.789847534281053e-10
53 53 -2.683086135204653e-05
54 54 6.94671761537863e-09
55 55 -8.001456169309336e-05
56 56 -3.859439610383613e-11
57 57 5.979942711196627e-06
58 58 -3.493413231544355e-11
59 59 5.011847054436151e-06
60 60 -2.634736114173733e-11
61 61 4.384745535219725e-06
62 62 -2.603065265804462e-11
63 63 4.630850804423653e-06
64 64 -7.162481450834964e-11
65 65 9.042548652117647e-06
66 66 -5.363852449334006e-11
67 67 5.540527112889596e-06
68 68 1.766699223638192e-10
69 69 -1.013835238554946e-05
70 70 1.149150022678896e-10
71 71 -6.594309361613188e-06
72 72 3.706722599292538e-11
73 73 -2.552807581765145e-06
74 74 2.016591352030132e-11
75 75 -1.620368240395764e-06
76 76 5.019710535054117e-11
77 77 -4.032822169249597e-06
78 78 1.060599332820156e-10
79 79 -7.303833835949853e-06
80 80 1.444936723659976e-09
81 81 -3.32056275867134e-05
82 82 5.667990098992489e-10
83 83 -1.952252213311012e-05
84 84 6.2989569469586e-10
85 85 -2.169573623944143e-05
86 86 1.898341781070611e-09
87 87 -4.359664123129306e-05
88 88 7.455988522861838e-09
89 89 -8.565339680544022e-05
90 90 7.769474571811277e-09
91 91 -8.937324794937255e-05
92 92 -3.130275248887162e-11
93 93 4.670179459223233e-06
94 94 -3.145830290957047e-11
95 95 4.874279881044157e-06
96 96 -3.24515474098467e-11
97 97 5.027673795034828e-06
98 98 -4.33589334070482e-11
99 99 6.469072387660328e-06
100 100 -4.23146166420073e-11
101 101 6.070533942791241e-06
102 102 -4.02803796238285e-11
103 103 5.778306748291491e-06
104 104 -3.114558223353903e-11
105 105 5.362461328536591e-06
106 106 -3.230557341021377e-11
107 107 5.376255793777453e-06
108 108 -3.130095208356028e-11
109 109 5.209314248527486e-06
110 110 -2.174986581204364e-11
111 111 3.744665087982575e-06
112 112 -2.142930851462239e-11
113 113 3.81226521146219e-06
114 114 -2.167707407709705e-11
115 115 3.857138930515642e-06
116 116 -5.691168291639317e-11
117 117 6.531938468175454e-06
118 118 -6.75500474395791e-11
119 119 8.52810484749036e-06
120 120 -6.41179327116149e-11
121 121 8.094672065573068e-06
122 122 -5.311149623590371e-11
123 123 6.095699369977446e-06
124 124 -2.170159319891504e-11
125 125 2.241572461257076e-06
126 126 -4.514253042381748e-11
127 127 4.662881774517939e-06
128 128 1.996794351394389e-07
129 129 9.979055852443568e-07
130 130 3.390096891267154e-11
131 131 -3.112752556682884e-06
132 132 -5.579613092672753e-11
133 133 7.684518561159449e-06
134 134 7.21688171327501e-10
135 135 -3.312973601814561e-05
136 136 1.407267191696373e-07
137 137 7.032861988747223e-07
138 138 -2.539909733569298e-11
139 139 4.081065535439079e-06
140 140 -2.361734389531035e-11
141 141 2.710651938988132e-06
142 142 1.512620213111298e-10
143 143 -1.041608429675099e-05
144 144 2.074411722195275e-09
145 145 -4.760851881150139e-05
146 146 1.335518606346049e-07
147 147 6.674119337670914e-07
148 148 1.600607368893084e-07
149 149 7.999562884575365e-07
150 150 -5.596820645746715e-11
151 151 7.708355559172411e-06
152 152 1.334411272160291e-10
153 153 -1.224608264236422e-05
154 154 1.323215226393321e-09
155 155 -6.07432535264036e-05
156 156 2.720751614626956e-09
157 157 -6.244233783347946e-05
158 158 2.097479437311615e-11
159 159 -2.407319097129016e-06
160 160 3.72275452424225e-10
161 161 -2.56185175268922e-05
162 162 6.199568672299757e-09
163 163 -0.0001422825808339028
164 164 -2.47766023296038e-11
165 165 4.265574193958779e-06
166 166 -3.328810750580582e-11
167 167 4.966648211544965e-06
168 168 -2.020151351247849e-11
169 169 3.246035755734096e-06
170 170 -3.379524236108399e-11
171 171 5.042422516517721e-06
172 172 -5.753113941953285e-11
173 173 7.263211653543827e-06
174 174 3.798928383885143e-12
175 175 -3.92417211632181e-07
176 176 8.727099916958238e-11
177 177 -7.011467129256404e-06
178 178 2.484981262775158e-10
179 179 -1.425991625995795e-05
180 180 9.609198314285776e-10
181 181 -3.308270489328463e-05
182 182 7.872462616721441e-09
183 183 -9.031829869886672e-05
184 184 5.680062310310456e-07
185 185 2.839372938378971e-06
186 186 1.498426229729459e-07
187 187 7.486396477053814e-07
188 188 1.588504011577586e-07
189 189 7.931519555557813e-07
190 190 1.613471108973306e-07
191 191 8.061392370864792e-07
192 192 -6.682549854283933e-11
193 193 9.203415943323187e-06
194 194 -5.157848982128477e-11
195 195 7.10344408891167e-06
196 196 1.709802544647449e-10
197 197 -1.568728259545958e-05
198 198 9.068940134309279e-11
199 199 -8.324793886387195e-06
200 200 1.99541650176412e-09
201 201 -9.160121442986193e-05
202 202 9.320717307997142e-10
203 203 -4.278753706944252e-05
204 204 1.016674445221392e-08
205 205 -0.0001166400277612585
206 206 1.17848542080419e-09
207 207 -4.057306904465998e-05
208 208 3.510516711158631e-11
209 209 -4.432058383599253e-06
210 210 2.631182327269121e-11
211 211 -2.717918888822957e-06
212 212 3.114126207876202e-10
213 213 -2.499750116225615e-05
214 214 4.518987124850473e-10
215 215 -2.592136753330572e-05
216 216 3.982261506445933e-09
217 217 -0.0001371016115969931
218 218 1.225010164199413e-08
219 219 -0.0001405413862889038
220 220 -2.369357806443389e-11
221 221 4.215408491451947e-06
222 222 -2.589953843536414e-11
223 223 4.310374464563569e-06
224 224 -3.278943761847494e-11
225 225 5.080129337189923e-06
226 226 -3.23810836477006e-11
227 227 4.645318150778482e-06
228 228 -2.088299446948625e-11
229 229 3.355512379558118e-06
230 230 -1.959324315673586e-11
231 231 3.147827795432375e-06
232 232 -3.118124077040974e-11
233 233 4.473353043920219e-06
234 234 -3.403187021106143e-11
235 235 5.272883110703474e-06
236 236 6.706049923633012e-09
237 237 -7.693653748123088e-05
238 238 1.803925011636217e-09
239 239 -4.140077802698427e-05
240 240 7.257745956406556e-09
241 241 -8.326550122989941e-05
242 242 7.925739659479432e-11
243 243 -9.094799422853494e-06
244 244 1.15082114118865e-10
245 245 -1.188219219150078e-05
246 246 7.690010460255684e-11
247 247 -7.941682206571681e-06
248 248 -3.397076146690464e-11
249 249 4.288659793100414e-06
250 250 -1.718361616714338e-11
251 251 2.16933534439731e-06
252 252 -4.249263321591246e-12
253 253 4.876040376234649e-07
254 254 6.076385396385178e-10
255 255 -4.181533003988211e-05
256 256 1.052079556575169e-09
257 257 -6.034825671663013e-05
258 258 7.442175123750378e-10
259 259 -4.26890929862015e-05
260 260 1.472759407595459e-10
261 261 -1.182869748754307e-05
262 262 1.967293970822108e-10
263 263 -1.57962418376225e-05
264 264 2.293499350590099e-10
265 265 -1.578826135619205e-05
266 266 8.600255557197046e-09
267 267 -0.0001973792308557224
268 268 3.168739047025503e-08
269 269 -0.0003635393984836469
270 270 1.509907230620516e-08
271 271 -0.0001732271017865958
272 272 1.874412205874361e-09
273 273 -6.453246743970768e-05
274 274 2.867654443996981e-09
275 275 -9.872788380182299e-05
276 276 4.430381857433411e-09
277 277 -0.0001016789152076209
278 278 -1.867877689340567e-11
279 279 3.10853909051665e-06
280 280 -1.774341971831379e-11
281 281 3.054708680335784e-06
282 282 -1.911423122706138e-11
283 283 3.180991740093341e-06
284 284 -2.106739726820197e-11
285 285 3.142718362678897e-06
286 286 -2.053148533029945e-11
287 287 3.181158987093593e-06
288 288 -2.141853578148126e-11
289 289 3.318087619212656e-06
290 290 -5.123908071214053e-11
291 291 7.6447977922547e-06
292 292 -6.025546186379684e-11
293 293 8.644477598037067e-06
294 294 -4.773526551373211e-11
295 295 6.847851630856748e-06
296 296 2.009816796816775e-07
297 297 -1.122251520038639e-05
298 298 1.513429505095166e-07
299 299 7.563290055624357e-07
300 300 -9.899295050538036e-11
301 301 9.089178641846454e-06
302 302 -5.430876977954995e-11
303 303 7.479642043999713e-06
304 304 2.162606883361321e-10
305 305 -9.927717378229847e-06
306 306 -2.302633794487505e-11
307 307 3.69988343511218e-06
308 308 -3.29217351524662e-10
309 309 1.511298590299408e-05
310 310 1.818648368917865e-07
311 311 -4.622974753733483e-06
312 312 2.008523812987875e-07
313 313 1.003875915917397e-06
314 314 -7.818317300171203e-11
315 315 8.973236674369627e-06
316 316 -2.579523001979932e-11
317 317 1.776290501460995e-06
318 318 1.414260574083172e-09
319 319 -3.250087757362675e-05
320 320 -8.302791891492589e-11
321 321 1.143521940143253e-05
322 322 -1.755587924048199e-10
323 323 2.014923372632108e-05
324 324 -3.095683922438114e-10
325 325 2.842351725062912e-05
326 326 -2.633683971766245e-10
327 327 1.813586388039421e-05
328 328 -1.45091041276238e-09
329 329 3.329897435854834e-05
330 330 -6.653370002224946e-09
331 331 0.0001526975029228667
332 332 1.30294813831428e-09
333 333 -2.990318093105934e-05
334 334 -2.4048312615134e-11
335 335 4.140321615221658e-06
336 336 -2.929285824016834e-11
337 337 4.370556225371279e-06
338 338 -2.673809631466642e-11
339 339 4.29635218303244e-06
340 340 -4.10355098009819e-11
341 341 6.122707344252574e-06
342 342 -3.03847810427325e-11
343 343 1.394837693319734e-06
344 344 -1.084495559542894e-09
345 345 4.978463626782411e-05
346 346 -5.305108897900965e-10
347 347 3.653161649170084e-05
348 348 3.193554085119898e-10
349 349 -7.329334347220778e-06
350 350 1.81251756866196e-07
351 351 -7.364456407917271e-06
352 352 1.82020689551105e-07
353 353 -1.85879315449611e-06
354 354 1.833979971519594e-07
355 355 9.160719143208552e-07
356 356 2.595093723502543e-07
357 357 1.296799452975522e-06
358 358 -8.72513524921648e-11
359 359 1.101546165222312e-05
360 360 -6.758611900651783e-11
361 361 6.981362096535235e-06
362 362 -7.671673605986398e-11
363 363 6.16313009970084e-06
364 364 6.088195226875676e-11
365 365 -3.49377802451591e-06
366 366 5.10598940935997e-10
367 367 -1.758687454711245e-05
368 368 6.812846003994882e-09
369 369 -7.847242912097751e-05
370 370 -8.04254251657948e-11
371 371 1.107692778587666e-05
372 372 -8.678695129161298e-11
373 373 1.195300913226597e-05
374 374 -1.483803922061181e-10
375 375 1.532688471846241e-05
376 376 -1.865598823171865e-10
377 377 2.355333693687922e-05
378 378 -2.099703355216864e-10
379 379 1.927887945272591e-05
380 380 -4.342395360494797e-10
381 381 3.987046087193158e-05
382 382 -4.974182956168026e-11
383 383 2.854341814775916e-06
384 384 -4.116152861770979e-10
385 385 3.306894847615572e-05
386 386 5.625134440885608e-09
387 387 -6.453559145230895e-05
388 388 -2.075381809687335e-09
389 389 7.145144174998793e-05
390 390 -4.205384072743472e-08
391 391 0.0004824711331898349
392 392 -2.934339993584662e-09
393 393 0.0001010238026888853
394 394 4.652765394308987e-10
395 395 -1.601857889998091e-05
396 396 7.074709714359267e-09
397 397 -8.116597844691817e-05
398 398 -2.369097358573748e-11
399 399 4.215019175705704e-06
400 400 -2.442589889743412e-11
401 401 4.065124254704911e-06
402 402 -2.934570330911486e-11
403 403 4.546695090398603e-06
404 404 -2.89166969809176e-11
405 405 4.148398487682837e-06
406 406 -2.716083158460691e-11
407 407 4.364246485956226e-06
408 408 -2.640952018895809e-11
409 409 4.243569917235902e-06
410 410 -4.114558648256123e-11
411 411 5.903034114193181e-06
412 412 -4.023979566740111e-11
413 413 6.234905421891448e-06
414 414 1.127134309011641e-10
415 415 -5.174309217876918e-06
416 416 -2.331077182896871e-10
417 417 1.070096648844187e-05
418 418 -7.044824332649302e-10
419 419 3.233991553271156e-05
420 420 -1.557944301691346e-09
421 421 7.151879784348804e-05
422 422 -5.213146842177258e-10
423 423 2.99151065831938e-05
424 424 -4.992933047709888e-10
425 425 4.011280154243654e-05
426 426 -3.545532474155168e-10
427 427 1.220670969511187e-05
428 428 4.223401114628485e-09
429 429 -4.845285072723745e-05
430 430 -1.016285062574112e-10
431 431 1.166452624992085e-05
432 432 -1.141132328634289e-10
433 433 1.440737906989076e-05
434 434 -1.070097216603265e-10
435 435 1.351000274449888e-05
436 436 -3.464734909617238e-10
437 437 3.578899248495243e-05
438 438 -2.839904595904202e-10
439 439 3.25943390350642e-05
440 440 -2.600622780856595e-10
441 441 2.686331589733821e-05
442 442 -1.551339223383154e-10
443 443 1.068258256522396e-05
444 444 -3.2038639700136e-10
445 445 2.574001621994852e-05
446 446 -1.952623209777929e-10
447 447 1.568736061097946e-05
448 448 -9.246865528136481e-09
449 449 0.0001060864501704914
450 450 -3.540009032426987e-09
451 451 8.124471122190039e-05
452 452 1.343956898411565e-09
453 453 -1.541840150642729e-05
454 454 -7.916170693717055e-09
455 455 9.081985157170939e-05
456 456 -4.24886274868616e-09
457 457 9.751312755890452e-05
458 458 -6.11734409035622e-09
459 459 7.018246686012317e-05
460 460 1.327516346555422e-09
461 461 -3.04872669439939e-05
462 462 6.639740014754406e-09
463 463 -7.63776724401721e-05
464 464 6.421690222277357e-09
465 465 -7.377182694475357e-05
466 466 -2.618911702207515e-11
467 467 4.358443370314735e-06
468 468 -2.613883348735457e-11
469 469 4.500147699836073e-06
470 470 -2.664340361076204e-11
471 471 4.433993532865682e-06
472 472 -2.755309181514186e-11
473 473 4.11115812339452e-06
474 474 -2.711557497182888e-11
475 475 4.201537662611567e-06
476 476 -2.746361342533173e-11
477 477 4.255340646787178e-06
478 478 -5.64296296401166e-11
479 479 8.095997850324019e-06
480 480 -5.476159062980102e-11
481 481 8.170742195796681e-06
482 482 -5.522748338000388e-11
483 483 7.923461518481538e-06
484 484 -6.463094091318715e-10
485 485 4.450578129588104e-05
486 486 -6.961189982501401e-10
487 487 3.994590648376304e-05
488 488 -9.806308137159245e-10
489 489 5.627211220134907e-05
490 490 -3.61175107219398e-10
491 491 2.487127830349105e-05
492 492 -1.686767058298898e-10
493 493 9.679261308176377e-06
494 494 -3.174644690166002e-10
495 495 1.821729298906991e-05
496 496 1.101141947562125e-09
497 497 -2.527147062253685e-05
498 498 7.945290315226358e-11
499 499 -2.735381795191098e-06
500 500 3.404756195603659e-10
501 501 -1.172186929347088e-05
502 502 -1.229452334444978e-10
503 503 2.82182715780989e-06
504 504 -1.337808430165269e-09
505 505 4.605846329075248e-05
506 506 -6.944148193020199e-10
507 507 2.390744966954895e-05
508 508 0
509 509 0
510 510 0
511 511 1.971501996578967e-05
512 512 0
513 513 0.0002431396760656693
514 514 0
515 515 0.0002473296965652451
516 516 0
517 517 7.090808307850962e-07
518 518 0
519 519 9.156844748142729e-05
520 520 0
521 521 0.0005890460644192149
522 522 0
523 523 3.262022408393457e-05
524 524 0
525 525 3.59661224083933e-06
526 526 0
527 527 4.839026195455877e-05
528 528 0
529 529 0.0001502148890222527
530 530 0
531 531 0.0003828036914676226
532 532 0
533 533 0.001028982763749463
534 534 7.602025788315279e-10
535 535 -0.000139602097611418
536 536 7.144254194861843e-10
537 537 -0.0001311956310603164
538 538 3.165436016403182e-08
539 539 1.582235512037795e-07
540 540 3.096716480084089e-09
541 541 -0.0002843295532197529
542 542 1.626871020050618e-09
543 543 -0.0002240642857447085
544 544 5.552234444817518e-09
545 545 -0.0002548794403833475
546 546 9.621257456939535e-10
547 547 -0.0001545968940831302
548 548 8.668718495891148e-10
549 549 -0.0001392914566204465
550 550 6.750475949898974e-10
551 551 -0.0001239644090936904
552 552 2.571902026346413e-09
553 553 -0.0002951819132563181
554 554 4.151695643760616e-09
555 555 -0.0002858904100948485
556 556 1.08287330322364e-08
557 557 -0.0002485234644005967
558 558 9.013603199093188e-10
559 559 -0.0001551784531089486
560 560 1.027143553975009e-09
561 561 -0.0001532548472452388
562 562 8.136276465821785e-10
563 563 -0.0001400744121617691
564 564 9.191929802800853e-10
565 565 -0.0001371484039112314
566 566 6.75106146534325e-10
567 567 -0.0001239747691823082
568 568 6.750220552275243e-10
569 569 -0.0001239593062959984
570 570 2.828874397479682e-09
571 571 -0.0002922060200028786
572 572 2.353965984593385e-09
573 573 -0.0002971869167584346
574 574 4.835224521563679e-09
575 575 -0.0002774617899392344
576 576 3.634240442020282e-09
577 577 -0.0002919704444662808
578 578 1.792234560973967e-08
579 579 -0.0002056174042284215
580 580 7.63850786574294e-09
581 581 -0.0002629790085080407
582 582 9.327811829395423e-10
583 583 -0.0001552347760416244
584 584 8.718779989860399e-10
585 585 -0.0001551062188670081
586 586 1.067925935906751e-09
587 587 -0.0001532109920281751
588 588 9.890352634711341e-10
589 589 -0.0001532447500058313
590 590 7.87702497605116e-10
591 591 -0.000140131565349704
592 592 8.411803344467465e-10
593 593 -0.0001399905085518305
594 594 8.893717178342772e-10
595 595 -0.0001378029485393698
596 596 9.452647234301493e-10
597 597 -0.0001356136737023114
