1
2
598
10 0
10 0
11 0
11 0
10.5 0
10.5 0
11.5 0
11.5 0
4.80129 0.00129195
4.80129 0.00129195
5.475 5.85
5.475 5.85
5.25 3.9
5.25 3.9
5.025 1.95
5.025 1.95
5.5875 6.825
5.5875 6.825
5.025 2.925
5.025 2.925
5.02629 0.976292
5.02629 0.976292
5.5875 6.3375
5.5875 6.3375
5.7 7.3125
5.7 7.3125
5.475 4.875
5.475 4.875
4.20065 0.000645976
4.20065 0.000645976
5.40194 0.00193793
5.40194 0.00193793
5.2125 5.85
5.2125 5.85
5.7375 5.85
5.7375 5.85
4.875 3.9
4.875 3.9
5.625 3.9
5.625 3.9
4.5375 1.95
4.5375 1.95
5.5125 1.95
5.5125 1.95
5.38125 6.825
5.38125 6.825
5.79375 6.825
5.79375 6.825
5.5125 3.4125
5.5125 3.4125
4.5375 2.4375
4.5375 2.4375
4.53815 1.46315
4.53815 1.46315
5.51444 0.489438
5.51444 0.489438
5.38125 6.58125
5.38125 6.58125
5.79375 6.09375
5.79375 6.09375
5.85 7.06875
5.85 7.06875
5.55 7.55625
5.55 7.55625
5.2125 5.3625
5.2125 5.3625
5.7375 4.3875
5.7375 4.3875
5.025 2.4375
5.025 2.4375
5.5125 2.4375
5.5125 2.4375
5.5125 2.925
5.5125 2.925
5.1375 3.4125
5.1375 3.4125
4.7625 3.4125
4.7625 3.4125
4.65 2.925
4.65 2.925
5.51379 0.976292
5.51379 0.976292
5.51315 1.46315
5.51315 1.46315
5.02565 1.46315
5.02565 1.46315
4.42565 0.975646
4.42565 0.975646
4.31315 0.488146
4.31315 0.488146
4.91379 0.488792
4.91379 0.488792
5.79375 6.3375
5.79375 6.3375
5.79375 6.58125
5.79375 6.58125
5.5875 6.58125
5.5875 6.58125
5.325 6.3375
5.325 6.3375
5.26875 6.09375
5.26875 6.09375
5.53125 6.09375
5.53125 6.09375
5.49375 7.3125
5.49375 7.3125
5.4375 7.06875
5.4375 7.06875
5.64375 7.06875
5.64375 7.06875
5.85 7.3125
5.85 7.3125
5.85 7.55625
5.85 7.55625
5.7 7.55625
5.7 7.55625
5.7375 4.875
5.7375 4.875
5.7375 5.3625
5.7375 5.3625
5.475 5.3625
5.475 5.3625
5.1 4.875
5.1 4.875
4.9875 4.3875
4.9875 4.3875
5.3625 4.3875
5.3625 4.3875
3.6 0
3.6 0
4.5 3.9
4.5 3.9
4.95 5.85
4.95 5.85
4.05 1.95
4.05 1.95
1.8 0
1.8 0
5.175 6.825
5.175 6.825
4.725 4.875
4.725 4.875
4.275 2.925
4.275 2.925
3.825 0.975
3.825 0.975
0.9 0
0.9 0
2.7 0
2.7 0
4.5 5.85
4.5 5.85
3.6 3.89808
3.6 3.89808
2.7 1.95
2.7 1.95
2.925 0.975
2.925 0.975
4.275 4.875
4.275 4.875
3.375 2.92308
3.375 2.92308
1.575 0.975
1.575 0.975
5.2875 7.3125
5.2875 7.3125
5.0625 6.3375
5.0625 6.3375
4.95 6.825
4.95 6.825
4.8375 6.3375
4.8375 6.3375
4.8375 5.3625
4.8375 5.3625
4.6125 4.3875
4.6125 4.3875
4.3875 3.4125
4.3875 3.4125
4.1625 2.4375
4.1625 2.4375
3.9375 1.4625
3.9375 1.4625
3.7125 0.4875
3.7125 0.4875
0.45 0
0.45 0
1.35 0
1.35 0
2.25 0
2.25 0
3.15 0
3.15 0
4.275 5.85
4.275 5.85
4.725 5.85
4.725 5.85
3.15 3.89712
3.15 3.89712
4.05 3.89904
4.05 3.89904
2.025 1.95
2.025 1.95
3.375 1.95
3.375 1.95
2.3625 0.4875
2.3625 0.4875
3.4875 1.4625
3.4875 1.4625
4.1625 5.3625
4.1625 5.3625
4.3875 4.3875
4.3875 4.3875
3.0375 3.40962
3.0375 3.40962
3.7125 2.43654
3.7125 2.43654
1.4625 1.4625
1.4625 1.4625
1.6875 0.4875
1.6875 0.4875
5.34375 7.55625
5.34375 7.55625
5.23125 7.06875
5.23125 7.06875
5.11875 6.58125
5.11875 6.58125
5.00625 6.09375
5.00625 6.09375
4.8375 6.825
4.8375 6.825
5.0625 6.825
5.0625 6.825
4.89375 6.09375
4.89375 6.09375
4.78125 6.58125
4.78125 6.58125
3.2625 0.4875
3.2625 0.4875
3.375 0.975
3.375 0.975
2.8125 0.4875
2.8125 0.4875
3.825 4.87404
3.825 4.87404
3.4875 4.38558
3.4875 4.38558
3.9375 4.38654
3.9375 4.38654
4.6125 5.3625
4.6125 5.3625
4.3875 5.3625
4.3875 5.3625
4.5 4.875
4.5 4.875
2.7 2.92308
2.7 2.92308
2.3625 2.43654
2.3625 2.43654
3.0375 2.43654
3.0375 2.43654
3.9375 3.41154
3.9375 3.41154
3.4875 3.41058
3.4875 3.41058
3.825 2.92404
3.825 2.92404
1.125 0.975
1.125 0.975
0.7875 0.4875
0.7875 0.4875
1.2375 0.4875
1.2375 0.4875
2.8125 1.4625
2.8125 1.4625
2.1375 1.4625
2.1375 1.4625
2.25 0.975
2.25 0.975
5.11875 7.06875
5.11875 7.06875
5.175 7.3125
5.175 7.3125
5.00625 7.06875
5.00625 7.06875
4.95 6.3375
4.95 6.3375
5.00625 6.58125
5.00625 6.58125
4.89375 6.58125
4.89375 6.58125
4.6125 6.3375
4.6125 6.3375
4.44375 6.09375
4.44375 6.09375
4.66875 6.09375
4.66875 6.09375
6.00258 0.0025839
6.00258 0.0025839
8 0
8 0
6 3.9
6 3.9
6 5.85
6 5.85
6 1.95
6 1.95
6 6.825
6 6.825
8.36796 1.95
8.36796 1.95
7.00129 0.00129195
7.00129 0.00129195
9 0
9 0
6 4.875
6 4.875
6 2.925
6 2.925
6.00129 0.976292
6.00129 0.976292
6.75 5.85
6.75 5.85
6.75 4.875
6.75 4.875
7.5 3.9
7.5 3.9
7.5 2.925
7.5 2.925
9.25 0.975
9.25 0.975
10.25 0.975
10.25 0.975
7 0.975
7 0.975
6 7.3125
6 7.3125
6 6.3375
6 6.3375
6.375 6.825
6.375 6.825
6.375 6.3375
6.375 6.3375
7.18398 1.95
7.18398 1.95
9.43398 1.95
9.43398 1.95
8.68398 2.925
8.68398 2.925
8.18398 0.975
8.18398 0.975
6.50194 0.00193793
6.50194 0.00193793
7.50065 0.000645976
7.50065 0.000645976
8.5 0
8.5 0
9.5 0
9.5 0
6 5.3625
6 5.3625
6 4.3875
6 4.3875
6 3.4125
6 3.4125
6 2.4375
6 2.4375
6.00065 1.46315
6.00065 1.46315
6.00194 0.489438
6.00194 0.489438
6.375 5.85
6.375 5.85
7.125 5.85
7.125 5.85
6.375 4.3875
6.375 4.3875
7.125 5.3625
7.125 5.3625
6.75 3.9
6.75 3.9
8.25 3.9
8.25 3.9
6.75 2.4375
6.75 2.4375
8.25 3.4125
8.25 3.4125
8.625 0.4875
8.625 0.4875
9.875 1.4625
9.875 1.4625
10.125 0.4875
10.125 0.4875
10.375 1.4625
10.375 1.4625
6.5 1.4625
6.5 1.4625
7.5 0.4875
7.5 0.4875
6 7.55625
6 7.55625
6 7.06875
6 7.06875
6 6.58125
6 6.58125
6 6.09375
6 6.09375
6.1875 6.825
6.1875 6.825
6.5625 6.825
6.5625 6.825
6.1875 6.09375
6.1875 6.09375
6.5625 6.58125
6.5625 6.58125
6.59199 1.95
6.59199 1.95
7.77597 1.95
7.77597 1.95
8.90097 1.95
8.90097 1.95
9.96699 1.95
9.96699 1.95
8.52597 2.4375
8.52597 2.4375
8.84199 3.4125
8.84199 3.4125
8.27597 1.4625
8.27597 1.4625
8.09199 0.4875
8.09199 0.4875
6.375 4.875
6.375 4.875
6.75 5.3625
6.75 5.3625
6.375 5.3625
6.375 5.3625
7.875 4.3875
7.875 4.3875
7.5 4.875
7.5 4.875
7.125 4.3875
7.125 4.3875
6.75 2.925
6.75 2.925
7.5 3.4125
7.5 3.4125
6.75 3.4125
6.75 3.4125
9.625 0.4875
9.625 0.4875
9.75 0.975
9.75 0.975
9.125 0.4875
9.125 0.4875
11.125 0.4875
11.125 0.4875
10.75 0.975
10.75 0.975
10.625 0.4875
10.625 0.4875
6.50065 0.975646
6.50065 0.975646
6.50129 0.488792
6.50129 0.488792
7.00065 0.488146
7.00065 0.488146
6.375 7.06875
6.375 7.06875
6.1875 7.3125
6.1875 7.3125
6.1875 7.06875
6.1875 7.06875
6.1875 6.3375
6.1875 6.3375
6.375 6.58125
6.375 6.58125
6.1875 6.58125
6.1875 6.58125
6.9375 6.09375
6.9375 6.09375
6.75 6.3375
6.75 6.3375
6.5625 6.09375
6.5625 6.09375
9.21699 2.925
9.21699 2.925
9.05898 2.4375
9.05898 2.4375
9.59199 2.4375
9.59199 2.4375
8.09199 2.925
8.09199 2.925
7.34199 2.4375
7.34199 2.4375
7.93398 2.4375
7.93398 2.4375
7.59199 0.975
7.59199 0.975
7.68398 1.4625
7.68398 1.4625
7.09199 1.4625
7.09199 1.4625
8.71699 0.975
8.71699 0.975
9.34199 1.4625
9.34199 1.4625
8.80898 1.4625
8.80898 1.4625
0 0
0 0
2.7 3.89616
2.7 3.89616
4.05 5.85
4.05 5.85
1.35 1.95
1.35 1.95
3.375 4.87308
3.375 4.87308
2.025 2.92308
2.025 2.92308
0.675 0.975
0.675 0.975
3.7125 5.36154
3.7125 5.36154
3.0375 4.38462
3.0375 4.38462
2.3625 3.40962
2.3625 3.40962
1.6875 2.43654
1.6875 2.43654
1.0125 1.4625
1.0125 1.4625
0.3375 0.4875
0.3375 0.4875
6 7.8
6 7.8
5.4 7.8
5.4 7.8
12 0
12 0
9 3.9
9 3.9
7.5 5.85
7.5 5.85
10.5 1.95
10.5 1.95
6.75 6.825
6.75 6.825
4.725 6.825
4.725 6.825
5.7 7.8
5.7 7.8
8.25 4.875
8.25 4.875
9.75 2.925
9.75 2.925
11.25 0.975
11.25 0.975
6.375 7.3125
6.375 7.3125
7.125 6.3375
7.125 6.3375
5.0625 7.3125
5.0625 7.3125
4.3875 6.3375
4.3875 6.3375
5.85 7.8
5.85 7.8
5.55 7.8
5.55 7.8
8.625 4.3875
8.625 4.3875
7.875 5.3625
7.875 5.3625
10.125 2.4375
10.125 2.4375
9.375 3.4125
9.375 3.4125
11.625 0.4875
11.625 0.4875
10.875 1.4625
10.875 1.4625
6.5625 7.06875
6.5625 7.06875
6.1875 7.55625
6.1875 7.55625
7.3125 6.09375
7.3125 6.09375
6.9375 6.58125
6.9375 6.58125
5.23125 7.55625
5.23125 7.55625
4.89375 7.06875
4.89375 7.06875
4.55625 6.58125
4.55625 6.58125
4.21875 6.09375
4.21875 6.09375
1
0 0 0
1 1 0
2 2 0
3 3 0
4 4 0
5 5 0
6 6 0
7 7 0
8 8 109612021409.6718
9 9 1.820127154518718e-07
10 10 45963186766.26949
11 11 -7.313726809847115e-11
12 12 71532965072.69728
13 13 -1.240599142834068e-11
14 14 100664259282.1604
15 15 1.599706069314349e-10
16 16 44285757127.26315
17 17 -8.074186439453828e-11
18 18 89332800744.37924
19 19 4.095554689767315e-11
20 20 104475660080.8143
21 21 7.707619788813613e-10
22 22 44944214078.78461
23 23 -8.130953157891973e-11
24 24 44666202540.04784
25 25 -7.656150439753056e-11
26 26 56304380525.1012
27 27 -4.936498729235704e-11
28 28 122429680104.4565
29 29 1.858844537433996e-07
30 30 96722820781.09425
31 31 1.812183903193539e-07
32 32 42678303666.28339
33 33 -7.418793309720561e-11
34 34 48341540309.34734
35 35 -7.286154403360047e-11
36 36 70865128442.93376
37 37 5.419014564871815e-12
38 38 70546199223.18112
39 39 -2.859061769054472e-11
40 40 109079499982.2599
41 41 1.93911398743028e-10
42 42 91581978724.75926
43 43 1.285578563691094e-10
44 44 43056382675.47981
45 45 -8.381845006631867e-11
46 46 45381192243.35746
47 47 -7.832898416175022e-11
48 48 77887475963.71968
49 49 -1.082893835869862e-11
50 50 102277469477.623
51 51 1.172685819272812e-10
52 52 113029166747.0649
53 53 3.53014815139005e-10
54 54 94281829228.57417
55 55 3.296985630578939e-09
56 56 42933529518.78175
57 57 -8.529508679925465e-11
58 58 47426104007.35992
59 59 -7.741144266027507e-11
60 60 45332006058.48438
61 61 -7.664720966226759e-11
62 62 44331087179.06226
63 63 -7.568739013124584e-11
64 64 47132825037.37572
65 65 -5.897976682642137e-11
66 66 63654391189.59802
67 67 -4.512694566392997e-11
68 68 96029591086.86237
69 69 8.600289310852777e-11
70 70 88461806692.96187
71 71 5.569739574491606e-11
72 72 83846306880.92673
73 73 1.542484264153114e-11
74 74 80419502537.3206
75 75 9.664062922563165e-12
76 76 81485052003.925
77 77 2.922755352054523e-11
78 78 92220121261.29897
79 79 6.534739711718746e-11
80 80 94107301148.37556
81 81 7.598044485942363e-10
82 82 93369148380.53067
83 83 2.937531092182827e-10
84 84 103341641631.8425
85 85 3.233726461805841e-10
86 86 117123126084.8717
87 87 7.954766895465715e-10
88 88 120004496545.1237
89 89 3.184812683565427e-09
90 90 107179963282.4302
91 91 3.33152734715232e-09
92 92 46461539534.61234
93 93 -7.873379626786518e-11
94 94 45803901162.29304
95 95 -7.908392768778684e-11
96 96 44479937884.5996
97 97 -8.153229953735609e-11
98 98 42542135913.25303
99 99 -8.559741988671448e-11
100 100 42382681460.67862
101 101 -8.362811819090483e-11
102 102 45264372513.76916
103 103 -7.965367071806732e-11
104 104 44031078385.26836
105 105 -7.821404202573566e-11
106 106 43597178201.04076
107 107 -8.110521143652562e-11
108 108 44499103086.42892
109 109 -7.862174081978552e-11
110 110 45109539123.08763
111 111 -7.513606570969523e-11
112 112 44953339583.38733
113 113 -7.401353965727658e-11
114 114 44643876860.81551
115 115 -7.488995387626765e-11
116 116 57503553156.90987
117 117 -5.715822153040908e-11
118 118 52200206431.25128
119 119 -6.725317945212569e-11
120 120 50156149279.48349
121 121 -6.394396474515193e-11
122 122 52951264207.23386
123 123 -3.813973044392216e-11
124 124 61123098746.11073
125 125 -1.736929446188637e-11
126 126 63280325299.99346
127 127 -3.308991728740119e-11
128 128 135182517841.4509
129 129 2.956542339535642e-07
130 130 67983975278.35379
131 131 2.363195614063603e-11
132 132 38207558510.64317
133 133 -7.490163306556166e-11
134 134 116493395796.132
135 135 2.449660533430457e-10
136 136 173939359199.5942
137 137 1.385768967356459e-07
138 138 41717212115.26615
139 139 -8.763322518487039e-11
140 140 47202967761.10227
141 141 -2.217359640913062e-11
142 142 93419411419.65813
143 143 8.510583746383371e-11
144 144 129528522762.112
145 145 9.842082378395104e-10
146 146 188334710061.6505
147 147 2.997636841171662e-08
148 148 154370033573.3867
149 149 1.844596692061706e-07
150 150 26150779545.2739
151 151 -8.598898967061792e-11
152 152 48618854099.16496
153 153 7.000260176782755e-11
154 154 117816385102.2584
155 155 4.370076710804246e-10
156 156 147020880833.7871
157 157 1.131491604300526e-09
158 158 36355501857.75624
159 159 1.371519170817198e-11
160 160 84821170042.9814
161 161 1.536729449168782e-10
162 162 158797290264.3809
163 163 2.067132626855458e-09
164 164 43409370205.87563
165 165 -8.048351065399417e-11
166 166 39565809698.18694
167 167 -9.191817183767536e-11
168 168 40290571777.3633
169 169 -9.286774135351712e-11
170 170 36587921260.53759
171 171 -1.035318882173088e-10
172 172 40600035275.56948
173 173 -5.057329755125289e-11
174 174 56693426106.0145
175 175 3.812104994824275e-13
176 176 80562261094.27318
177 177 4.821060365980501e-11
178 178 105693999399.1738
179 179 1.412875227023806e-10
180 180 124262089352.7234
181 181 4.450322933036399e-10
182 182 132757430158.0292
183 183 3.832851771212505e-09
184 184 137565939082.6363
185 185 6.373920124950599e-06
186 186 183556579093.5439
187 187 1.619987799347101e-07
188 188 164075034242.1534
189 189 1.832367640687472e-07
190 190 144751827185.6503
191 191 1.858523810086658e-07
192 192 16195950014.21408
193 193 -1.02346408998819e-10
194 194 33071720308.31519
195 195 -7.938289882504631e-11
196 196 29003115198.50269
197 197 9.046900461229968e-11
198 198 61024383918.39067
199 199 4.660218187280444e-11
200 200 89193853570.82852
201 201 6.403344608013306e-10
202 202 122004686265.8404
203 203 3.18707636545607e-10
204 204 161458315368.074
205 205 4.386329659598091e-09
206 206 131523010021.3129
207 207 4.927018436462897e-10
208 208 19661789125.68092
209 209 2.521515176203634e-11
210 210 52708633854.46738
211 211 1.682287837605961e-11
212 212 48024255733.97347
213 213 1.302573751021352e-10
214 214 107217534342.6397
215 215 1.869514921723106e-10
216 216 93041866928.1646
217 217 1.392148307967867e-09
218 218 176613932661.7882
219 219 4.99359804538424e-09
220 220 43945544857.86478
221 221 -7.699195842406779e-11
222 222 42665643091.59001
223 223 -8.412161811395635e-11
224 224 40671379839.50326
225 225 -9.050044477591759e-11
226 226 38620604284.0508
227 227 -8.949829367921874e-11
228 228 39607974760.4341
229 229 -9.59620662496304e-11
230 230 41002273440.02293
231 231 -9.007795080115977e-11
232 232 36696204868.18167
233 233 -9.566975640781088e-11
234 234 37499509000.5386
235 235 -1.041952377921675e-10
236 236 142299096760.5979
237 237 3.779132731860161e-09
238 238 138498982487.691
239 239 9.745276791296562e-10
240 240 151860489978.9847
241 241 4.037132578254409e-09
242 242 20793474312.86969
243 243 4.278240208158785e-11
244 244 24186493782.62851
245 245 6.155745800562108e-11
246 246 41284227287.14118
247 247 4.02360649301562e-11
248 248 35079586002.51225
249 249 -4.011697481663046e-11
250 250 28133354546.08558
251 251 -2.099187861832884e-11
252 252 42352190501.82928
253 253 -6.920307909870086e-12
254 254 58385146740.69805
255 255 2.084389871862631e-10
256 256 71672104415.1429
257 257 3.522767312148212e-10
258 258 100089368522.3444
259 259 2.524565071729716e-10
260 260 75979856612.5889
261 261 7.609378503071643e-11
262 262 65888013997.97585
263 263 1.023533386793834e-10
264 264 91727970928.77905
265 265 1.186115960754222e-10
266 266 136376468035.4202
267 267 2.701677150079203e-09
268 268 264476171304.1765
269 269 -1.438570776171835e-08
270 270 192539038390.4577
271 271 9.222953746223497e-09
272 272 138914059643.6742
273 273 6.230584419594509e-10
274 274 134881070039.5307
275 275 8.904043037694938e-10
276 276 157732213837.5744
277 277 1.416087084380365e-09
278 278 42169028293.07642
279 279 -8.591236583848518e-11
280 280 43092681658.81099
281 281 -8.163005647547473e-11
282 282 41695850220.96846
283 283 -8.789061351287599e-11
284 284 38125913357.1151
285 285 -9.685059112070292e-11
286 286 39634905002.65678
287 287 -9.4404217503658e-11
288 288 38570582286.89082
289 289 -9.840184489752296e-11
290 290 33322895209.58531
291 291 -1.175465024970963e-10
292 292 26875400783.21567
293 293 -1.380624734183065e-10
294 294 32225147661.04955
295 295 -1.096315384355608e-10
296 296 83757344350.97916
297 297 1.969345369478493e-07
298 298 41069321738.12302
299 299 1.105726941742451e-07
300 300 68359895861.38117
301 301 -4.720888364914018e-11
302 302 50010129138.13922
303 303 -7.346852685326884e-11
304 304 82070027742.17305
305 305 9.459106135722628e-11
306 306 46333938831.22222
307 307 -7.639601716310765e-11
308 308 35616070197.77608
309 309 -2.237050303529468e-10
310 310 62274657531.13192
311 311 1.885451942995474e-07
312 312 20053384984.60081
313 313 2.075261706019685e-07
314 314 57956866907.97292
315 315 -6.430556850738497e-11
316 316 77057742400.64864
317 317 -1.356328498205047e-11
318 318 83680514278.98149
319 319 7.381015312551744e-10
320 320 52168684868.90921
321 321 -7.665676451620704e-11
322 322 56416162278.50781
323 323 -8.119385813135802e-11
324 324 52829489772.55305
325 325 -1.069287402751727e-10
326 326 52646455112.90041
327 327 -1.016317466558305e-10
328 328 16100220661.48127
329 329 -7.004406802602486e-10
330 330 1720582935.338925
331 331 -3.370803424924214e-09
332 332 62345666969.28341
333 333 6.192095438929737e-10
334 334 45521531049.61415
335 335 -7.385799166493155e-11
336 336 47690217231.16254
337 337 -7.720221233630084e-11
338 338 47726081296.39626
339 339 -7.395864691852507e-11
340 340 49327314642.93962
341 341 -7.572029221669694e-11
342 342 58454494744.94727
343 343 -1.338773488531509e-11
344 344 17352189318.72247
345 345 -5.190912984619762e-10
346 346 34020803088.1368
347 347 -2.418783685224126e-10
348 348 37434351595.27118
349 349 1.535171002489082e-10
350 350 72981288846.67509
351 351 1.879244594172718e-07
352 352 51637537671.03161
353 353 1.886990680919932e-07
354 354 30540553704.57225
355 355 1.898448898880548e-07
356 356 9727302884.145638
357 357 2.668003069539687e-07
358 358 53460947958.89699
359 359 -7.137214154103367e-11
360 360 63077495246.05837
361 361 -5.608222462243601e-11
362 362 73059180433.77127
363 363 -3.427758032704475e-11
364 364 80086505803.65752
365 365 2.210768698166658e-11
366 366 83231120949.36459
367 367 2.634237803273839e-10
368 368 83768423292.34552
369 369 3.576077553496964e-09
370 370 51471679730.71174
371 371 -7.432858249858031e-11
372 372 52423083418.10912
373 373 -8.004125444705818e-11
374 374 61348881517.39642
375 375 -6.913453920571044e-11
376 376 53529094751.7571
377 377 -8.601772832080366e-11
378 378 61289295347.36569
379 379 -7.333699598850578e-11
380 380 44450293005.38605
381 381 -1.492250409102735e-10
382 382 66395302328.55235
383 383 -2.072663291630381e-11
384 384 42358708973.6125
385 385 -1.579668335979647e-10
386 386 27960520608.946
387 387 2.84573723933429e-09
388 388 8448503380.159391
389 389 -1.021847667640273e-09
390 390 108003572.4860636
391 391 -2.118400453825683e-08
392 392 3634480093.320521
393 393 -1.497998922506315e-09
394 394 72783311761.29803
395 395 2.185208760226215e-10
396 396 51669054924.31351
397 397 3.368440093528021e-09
398 398 45231265444.54134
399 399 -7.275940654124623e-11
400 400 45881463092.69956
401 401 -7.502913480432038e-11
402 402 46916835166.78877
403 403 -7.729256309288407e-11
404 404 48707133800.204
405 405 -7.627121686433911e-11
406 406 47080102575.47321
407 407 -7.511407234452428e-11
408 408 48289110125.48717
409 409 -7.305954386696609e-11
410 410 49611573294.95853
411 411 -7.597697170285874e-11
412 412 49080032252.43591
413 413 -7.422686617770503e-11
414 414 70315485009.03841
415 415 4.74443397868184e-11
416 416 46761126847.26815
417 417 -1.003052958465264e-10
418 418 25883871861.98193
419 419 -3.368066821021791e-10
420 420 10556403468.88659
421 421 -7.469608833244076e-10
422 422 34254340803.91529
423 423 -2.371379367583643e-10
424 424 35029720674.14571
425 425 -2.279527163969089e-10
426 426 36170603561.02924
427 427 -1.584546421708678e-10
428 428 39153950899.70867
429 429 1.954076104393196e-09
430 430 57611635986.10197
431 431 -7.082469356069387e-11
432 432 54142765688.25207
433 433 -7.910329659924945e-11
434 434 54234646722.74312
435 435 -7.431732080340648e-11
436 436 49708225609.69888
437 437 -1.193637336993577e-10
438 438 52815669832.58746
439 439 -9.807679643039912e-11
440 440 55965235831.728
441 441 -9.010200497318452e-11
442 442 65155379288.65703
443 443 -5.477848611920923e-11
444 444 52771235117.63318
445 445 -1.10604938000152e-10
446 446 63425347945.72721
447 447 -6.842746240351823e-11
448 448 7833298128.335089
449 449 -4.593652965858348e-09
450 450 7571162389.936011
451 451 -1.7850701084532e-09
452 452 17618298864.75352
453 453 7.634631949449655e-10
454 454 11631940.05170501
455 455 -4.083871072640458e-09
456 456 628443887.1679486
457 457 -2.178681692100612e-09
458 458 34502976.07348629
459 459 -3.121874120543571e-09
460 460 72992882365.56081
461 461 6.872691979366677e-10
462 462 73006626077.66443
463 463 3.450150098405997e-09
464 464 62303692667.77298
465 465 3.340288629731165e-09
466 466 47038313588.58171
467 467 -7.242791720021679e-11
468 468 45982762223.81648
469 469 -7.226493233211967e-11
470 470 46497102148.18239
471 471 -7.366719266557311e-11
472 472 48595218106.9642
473 473 -7.627037422961777e-11
474 474 48477591229.96352
475 475 -7.502982709794564e-11
476 476 47765079487.86836
477 477 -7.598075940749648e-11
478 478 51588113522.26128
479 479 -7.808342566448901e-11
480 480 50426958995.35539
481 481 -7.577468872541086e-11
482 482 50861472147.60864
483 483 -7.646449465699913e-11
484 484 27106136727.24838
485 485 -3.109201479088102e-10
486 486 25809575108.26722
487 487 -3.342224153644345e-10
488 488 18707613812.32605
489 489 -4.70959183209349e-10
490 490 42989377378.80505
491 491 -1.569342762643833e-10
492 492 55363757951.94437
493 493 -7.383180906002929e-11
494 494 44530201418.90604
495 495 -1.376644661482182e-10
496 496 49813449111.93281
497 497 4.850827893486892e-10
498 498 48142202876.4449
499 499 3.697576632613568e-11
500 500 60401355583.03643
501 501 1.487203610710847e-10
502 502 26496918728.38923
503 503 -4.520995399288052e-11
504 504 16252065294.31687
505 505 -6.364359688265091e-10
506 506 25764993110.26527
507 507 -3.286237222632637e-10
508 508 0
509 509 0
510 510 0
511 511 -8.446438912655371e-11
512 512 0
513 513 -3.401453525137045e-09
514 514 0
515 515 -3.434510396428338e-09
516 516 0
517 517 6.206215712122024e-11
518 518 0
519 519 -7.563742033043797e-10
520 520 0
521 521 -1.094918481500658e-08
522 522 0
523 523 -2.457739382430125e-10
524 524 0
525 525 6.107237920936375e-11
526 526 0
527 527 -3.048204202894371e-10
528 528 0
529 529 -1.531384049837262e-09
530 530 0
531 531 -8.644074040988995e-09
532 532 0
533 533 0
534 534 45036548748.18153
535 535 7.00060359159169e-09
536 536 44241777859.3272
537 537 4.736931915680347e-09
538 538 -10920.34092294789
539 539 9.837773093208021e-08
540 540 37282984604.11411
541 541 1.834650923342135e-09
542 542 52521056374.38593
543 543 1.926169001558498e-09
544 544 5912509235.846969
545 545 4.186941555429554e-09
546 546 48791607530.21461
547 547 3.986941320104678e-09
548 548 38985707506.58214
549 549 5.987465969459051e-09
550 550 44639549821.33518
551 551 4.662324197621634e-09
552 552 49254689897.80661
553 553 1.776661873903878e-09
554 554 21731169078.33372
555 555 4.038842230869199e-09
556 556 222835936.2694781
557 557 1.122805081192001e-08
558 558 46386450765.34254
559 559 4.980242682101657e-09
560 560 51237322344.49964
561 561 2.837543170588898e-09
562 562 42804429638.19887
563 563 7.492700212283892e-09
564 564 30129695692.41589
565 565 4.233077131086788e-09
566 566 44868509001.65986
567 567 4.662695690121759e-09
568 568 44408182938.3447
569 569 4.662120654101468e-09
570 570 44268555569.51654
571 571 1.954570227722372e-09
572 572 52031126728.54324
573 573 1.62587658494481e-09
574 574 13417316767.92181
575 575 4.705829640496995e-09
576 576 29987018039.16886
577 577 3.534289174407948e-09
578 578 2082774.045115191
579 579 1.85711610751889e-08
580 580 1775280911.985629
581 581 7.925195754389681e-09
582 582 47517406330.308
583 583 5.153829996780127e-09
584 584 45517493185.96874
585 585 4.817360690329433e-09
586 586 52091403624.96777
587 587 2.950228496381991e-09
588 588 50089030576.58086
589 589 2.732255874068699e-09
590 590 43774854309.72693
591 591 7.253908100287629e-09
592 592 41260280218.21588
593 593 7.74649633471522e-09
594 594 35474855738.40269
595 595 4.095473215746064e-09
596 596 21120340667.88736
597 597 4.353827561265727e-09
