1
2
598
10 0
10 0
11 0
11 0
10.5 0
10.5 0
11.5 0
11.5 0
4.80129 0.00129195
4.80129 0.00129195
5.475 5.85
5.475 5.85
5.25 3.9
5.25 3.9
5.025 1.95
5.025 1.95
5.5875 6.825
5.5875 6.825
5.025 2.925
5.025 2.925
5.02629 0.976292
5.02629 0.976292
5.5875 6.3375
5.5875 6.3375
5.7 7.3125
5.7 7.3125
5.475 4.875
5.475 4.875
4.20065 0.000645976
4.20065 0.000645976
5.40194 0.00193793
5.40194 0.00193793
5.2125 5.85
5.2125 5.85
5.7375 5.85
5.7375 5.85
4.875 3.9
4.875 3.9
5.625 3.9
5.625 3.9
4.5375 1.95
4.5375 1.95
5.5125 1.95
5.5125 1.95
5.38125 6.825
5.38125 6.825
5.79375 6.825
5.79375 6.825
5.5125 3.4125
5.5125 3.4125
4.5375 2.4375
4.5375 2.4375
4.53815 1.46315
4.53815 1.46315
5.51444 0.489438
5.51444 0.489438
5.38125 6.58125
5.38125 6.58125
5.79375 6.09375
5.79375 6.09375
5.85 7.06875
5.85 7.06875
5.55 7.55625
5.55 7.55625
5.2125 5.3625
5.2125 5.3625
5.7375 4.3875
5.7375 4.3875
5.025 2.4375
5.025 2.4375
5.5125 2.4375
5.5125 2.4375
5.5125 2.925
5.5125 2.925
5.1375 3.4125
5.1375 3.4125
4.7625 3.4125
4.7625 3.4125
4.65 2.925
4.65 2.925
5.51379 0.976292
5.51379 0.976292
5.51315 1.46315
5.51315 1.46315
5.02565 1.46315
5.02565 1.46315
4.42565 0.975646
4.42565 0.975646
4.31315 0.488146
4.31315 0.488146
4.91379 0.488792
4.91379 0.488792
5.79375 6.3375
5.79375 6.3375
5.79375 6.58125
5.79375 6.58125
5.5875 6.58125
5.5875 6.58125
5.325 6.3375
5.325 6.3375
5.26875 6.09375
5.26875 6.09375
5.53125 6.09375
5.53125 6.09375
5.49375 7.3125
5.49375 7.3125
5.4375 7.06875
5.4375 7.06875
5.64375 7.06875
5.64375 7.06875
5.85 7.3125
5.85 7.3125
5.85 7.55625
5.85 7.55625
5.7 7.55625
5.7 7.55625
5.7375 4.875
5.7375 4.875
5.7375 5.3625
5.7375 5.3625
5.475 5.3625
5.475 5.3625
5.1 4.875
5.1 4.875
4.9875 4.3875
4.9875 4.3875
5.3625 4.3875
5.3625 4.3875
3.6 0
3.6 0
4.5 3.9
4.5 3.9
4.95 5.85
4.95 5.85
4.05 1.95
4.05 1.95
1.8 0
1.8 0
5.175 6.825
5.175 6.825
4.725 4.875
4.725 4.875
4.275 2.925
4.275 2.925
3.825 0.975
3.825 0.975
0.9 0
0.9 0
2.7 0
2.7 0
4.5 5.85
4.5 5.85
3.6 3.89808
3.6 3.89808
2.7 1.95
2.7 1.95
2.925 0.975
2.925 0.975
4.275 4.875
4.275 4.875
3.375 2.92308
3.375 2.92308
1.575 0.975
1.575 0.975
5.2875 7.3125
5.2875 7.3125
5.0625 6.3375
5.0625 6.3375
4.95 6.825
4.95 6.825
4.8375 6.3375
4.8375 6.3375
4.8375 5.3625
4.8375 5.3625
4.6125 4.3875
4.6125 4.3875
4.3875 3.4125
4.3875 3.4125
4.1625 2.4375
4.1625 2.4375
3.9375 1.4625
3.9375 1.4625
3.7125 0.4875
3.7125 0.4875
0.45 0
0.45 0
1.35 0
1.35 0
2.25 0
2.25 0
3.15 0
3.15 0
4.275 5.85
4.275 5.85
4.725 5.85
4.725 5.85
3.15 3.89712
3.15 3.89712
4.05 3.89904
4.05 3.89904
2.025 1.95
2.025 1.95
3.375 1.95
3.375 1.95
2.3625 0.4875
2.3625 0.4875
3.4875 1.4625
3.4875 1.4625
4.1625 5.3625
4.1625 5.3625
4.3875 4.3875
4.3875 4.3875
3.0375 3.40962
3.0375 3.40962
3.7125 2.43654
3.7125 2.43654
1.4625 1.4625
1.4625 1.4625
1.6875 0.4875
1.6875 0.4875
5.34375 7.55625
5.34375 7.55625
5.23125 7.06875
5.23125 7.06875
5.11875 6.58125
5.11875 6.58125
5.00625 6.09375
5.00625 6.09375
4.8375 6.825
4.8375 6.825
5.0625 6.825
5.0625 6.825
4.89375 6.09375
4.89375 6.09375
4.78125 6.58125
4.78125 6.58125
3.2625 0.4875
3.2625 0.4875
3.375 0.975
3.375 0.975
2.8125 0.4875
2.8125 0.4875
3.825 4.87404
3.825 4.87404
3.4875 4.38558
3.4875 4.38558
3.9375 4.38654
3.9375 4.38654
4.6125 5.3625
4.6125 5.3625
4.3875 5.3625
4.3875 5.3625
4.5 4.875
4.5 4.875
2.7 2.92308
2.7 2.92308
2.3625 2.43654
2.3625 2.43654
3.0375 2.43654
3.0375 2.43654
3.9375 3.41154
3.9375 3.41154
3.4875 3.41058
3.4875 3.41058
3.825 2.92404
3.825 2.92404
1.125 0.975
1.125 0.975
0.7875 0.4875
0.7875 0.4875
1.2375 0.4875
1.2375 0.4875
2.8125 1.4625
2.8125 1.4625
2.1375 1.4625
2.1375 1.4625
2.25 0.975
2.25 0.975
5.11875 7.06875
5.11875 7.06875
5.175 7.3125
5.175 7.3125
5.00625 7.06875
5.00625 7.06875
4.95 6.3375
4.95 6.3375
5.00625 6.58125
5.00625 6.58125
4.89375 6.58125
4.89375 6.58125
4.6125 6.3375
4.6125 6.3375
4.44375 6.09375
4.44375 6.09375
4.66875 6.09375
4.66875 6.09375
6.00258 0.0025839
6.00258 0.0025839
8 0
8 0
6 3.9
6 3.9
6 5.85
6 5.85
6 1.95
6 1.95
6 6.825
6 6.825
8.36796 1.95
8.36796 1.95
7.00129 0.00129195
7.00129 0.00129195
9 0
9 0
6 4.875
6 4.875
6 2.925
6 2.925
6.00129 0.976292
6.00129 0.976292
6.75 5.85
6.75 5.85
6.75 4.875
6.75 4.875
7.5 3.9
7.5 3.9
7.5 2.925
7.5 2.925
9.25 0.975
9.25 0.975
10.25 0.975
10.25 0.975
7 0.975
7 0.975
6 7.3125
6 7.3125
6 6.3375
6 6.3375
6.375 6.825
6.375 6.825
6.375 6.3375
6.375 6.3375
7.18398 1.95
7.18398 1.95
9.43398 1.95
9.43398 1.95
8.68398 2.925
8.68398 2.925
8.18398 0.975
8.18398 0.975
6.50194 0.00193793
6.50194 0.00193793
7.50065 0.000645976
7.50065 0.000645976
8.5 0
8.5 0
9.5 0
9.5 0
6 5.3625
6 5.3625
6 4.3875
6 4.3875
6 3.4125
6 3.4125
6 2.4375
6 2.4375
6.00065 1.46315
6.00065 1.46315
6.00194 0.489438
6.00194 0.489438
6.375 5.85
6.375 5.85
7.125 5.85
7.125 5.85
6.375 4.3875
6.375 4.3875
7.125 5.3625
7.125 5.3625
6.75 3.9
6.75 3.9
8.25 3.9
8.25 3.9
6.75 2.4375
6.75 2.4375
8.25 3.4125
8.25 3.4125
8.625 0.4875
8.625 0.4875
9.875 1.4625
9.875 1.4625
10.125 0.4875
10.125 0.4875
10.375 1.4625
10.375 1.4625
6.5 1.4625
6.5 1.4625
7.5 0.4875
7.5 0.4875
6 7.55625
6 7.55625
6 7.06875
6 7.06875
6 6.58125
6 6.58125
6 6.09375
6 6.09375
6.1875 6.825
6.1875 6.825
6.5625 6.825
6.5625 6.825
6.1875 6.09375
6.1875 6.09375
6.5625 6.58125
6.5625 6.58125
6.59199 1.95
6.59199 1.95
7.77597 1.95
7.77597 1.95
8.90097 1.95
8.90097 1.95
9.96699 1.95
9.96699 1.95
8.52597 2.4375
8.52597 2.4375
8.84199 3.4125
8.84199 3.4125
8.27597 1.4625
8.27597 1.4625
8.09199 0.4875
8.09199 0.4875
6.375 4.875
6.375 4.875
6.75 5.3625
6.75 5.3625
6.375 5.3625
6.375 5.3625
7.875 4.3875
7.875 4.3875
7.5 4.875
7.5 4.875
7.125 4.3875
7.125 4.3875
6.75 2.925
6.75 2.925
7.5 3.4125
7.5 3.4125
6.75 3.4125
6.75 3.4125
9.625 0.4875
9.625 0.4875
9.75 0.975
9.75 0.975
9.125 0.4875
9.125 0.4875
11.125 0.4875
11.125 0.4875
10.75 0.975
10.75 0.975
10.625 0.4875
10.625 0.4875
6.50065 0.975646
6.50065 0.975646
6.50129 0.488792
6.50129 0.488792
7.00065 0.488146
7.00065 0.488146
6.375 7.06875
6.375 7.06875
6.1875 7.3125
6.1875 7.3125
6.1875 7.06875
6.1875 7.06875
6.1875 6.3375
6.1875 6.3375
6.375 6.58125
6.375 6.58125
6.1875 6.58125
6.1875 6.58125
6.9375 6.09375
6.9375 6.09375
6.75 6.3375
6.75 6.3375
6.5625 6.09375
6.5625 6.09375
9.21699 2.925
9.21699 2.925
9.05898 2.4375
9.05898 2.4375
9.59199 2.4375
9.59199 2.4375
8.09199 2.925
8.09199 2.925
7.34199 2.4375
7.34199 2.4375
7.93398 2.4375
7.93398 2.4375
7.59199 0.975
7.59199 0.975
7.68398 1.4625
7.68398 1.4625
7.09199 1.4625
7.09199 1.4625
8.71699 0.975
8.71699 0.975
9.34199 1.4625
9.34199 1.4625
8.80898 1.4625
8.80898 1.4625
0 0
0 0
2.7 3.89616
2.7 3.89616
4.05 5.85
4.05 5.85
1.35 1.95
1.35 1.95
3.375 4.87308
3.375 4.87308
2.025 2.92308
2.025 2.92308
0.675 0.975
0.675 0.975
3.7125 5.36154
3.7125 5.36154
3.0375 4.38462
3.0375 4.38462
2.3625 3.40962
2.3625 3.40962
1.6875 2.43654
1.6875 2.43654
1.0125 1.4625
1.0125 1.4625
0.3375 0.4875
0.3375 0.4875
6 7.8
6 7.8
5.4 7.8
5.4 7.8
12 0
12 0
9 3.9
9 3.9
7.5 5.85
7.5 5.85
10.5 1.95
10.5 1.95
6.75 6.825
6.75 6.825
4.725 6.825
4.725 6.825
5.7 7.8
5.7 7.8
8.25 4.875
8.25 4.875
9.75 2.925
9.75 2.925
11.25 0.975
11.25 0.975
6.375 7.3125
6.375 7.3125
7.125 6.3375
7.125 6.3375
5.0625 7.3125
5.0625 7.3125
4.3875 6.3375
4.3875 6.3375
5.85 7.8
5.85 7.8
5.55 7.8
5.55 7.8
8.625 4.3875
8.625 4.3875
7.875 5.3625
7.875 5.3625
10.125 2.4375
10.125 2.4375
9.375 3.4125
9.375 3.4125
11.625 0.4875
11.625 0.4875
10.875 1.4625
10.875 1.4625
6.5625 7.06875
6.5625 7.06875
6.1875 7.55625
6.1875 7.55625
7.3125 6.09375
7.3125 6.09375
6.9375 6.58125
6.9375 6.58125
5.23125 7.55625
5.23125 7.55625
4.89375 7.06875
4.89375 7.06875
4.55625 6.58125
4.55625 6.58125
4.21875 6.09375
4.21875 6.09375
1
0 0 0
1 1 0
2 2 0
3 3 0
4 4 0
5 5 0
6 6 0
7 7 0
8 8 0
9 9 -15.20885932581366
10 10 0
11 11 -68866.2
12 12 0
13 13 -45910.8
14 14 0
15 15 -22955.4
16 16 0
17 17 -80343.89999999999
18 18 0
19 19 -34433.1
20 20 0
21 21 -11492.90885932581
22 22 0
23 23 -74605.04999999999
24 24 0
25 25 -86082.75
26 26 0
27 27 -57388.5
28 28 0
29 29 -7.60442966290683
30 30 0
31 31 -22.81328898872049
32 32 0
33 33 -68866.2
34 34 0
35 35 -68866.2
36 36 0
37 37 -45910.8
38 38 0
39 39 -45910.8
40 40 0
41 41 -22955.4
42 42 0
43 43 -22955.4
44 44 0
45 45 -80343.89999999999
46 46 0
47 47 -80343.89999999999
48 48 0
49 49 -40171.95
50 50 0
51 51 -28694.25
52 52 0
53 53 -17224.15442966291
54 54 0
55 55 -5761.663288988721
56 56 0
57 57 -77474.47499999999
58 58 0
59 59 -71735.625
60 60 0
61 61 -83213.325
62 62 0
63 63 -88952.175
64 64 0
65 65 -63127.35000000001
66 66 0
67 67 -51649.65
68 68 0
69 69 -28694.25
70 70 0
71 71 -28694.25
72 72 0
73 73 -34433.1
74 74 0
75 75 -40171.95
76 76 0
77 77 -40171.95
78 78 0
79 79 -34433.1
80 80 0
81 81 -11492.90885932581
82 82 0
83 83 -17224.15442966291
84 84 0
85 85 -17224.15442966291
86 86 0
87 87 -11485.30442966291
88 88 0
89 89 -5746.454429662906
90 90 0
91 91 -5754.058859325814
92 92 0
93 93 -74605.04999999999
94 94 0
95 95 -77474.47499999999
96 96 0
97 97 -77474.47499999999
98 98 0
99 99 -74605.04999999999
100 100 0
101 101 -71735.625
102 102 0
103 103 -71735.625
104 104 0
105 105 -86082.75
106 106 0
107 107 -83213.325
108 108 0
109 109 -83213.325
110 110 0
111 111 -86082.75
112 112 0
113 113 -88952.175
114 114 0
115 115 -88952.175
116 116 0
117 117 -57388.5
118 118 0
119 119 -63127.35000000001
120 120 0
121 121 -63127.35000000001
122 122 0
123 123 -57388.5
124 124 0
125 125 -51649.65
126 126 0
127 127 -51649.65
128 128 0
129 129 -0
130 130 0
131 131 -45910.8
132 132 0
133 133 -68866.2
134 134 0
135 135 -22955.4
136 136 0
137 137 -0
138 138 0
139 139 -80343.89999999999
140 140 0
141 141 -57388.5
142 142 0
143 143 -34433.1
144 144 0
145 145 -11477.7
146 146 0
147 147 -0
148 148 0
149 149 -0
150 150 0
151 151 -68866.2
152 152 0
153 153 -45888.21343129969
154 154 0
155 155 -22955.4
156 156 0
157 157 -11477.7
158 158 0
159 159 -57388.5
160 160 0
161 161 -34410.51343129968
162 162 0
163 163 -11477.7
164 164 0
165 165 -86082.75
166 166 0
167 167 -74605.04999999999
168 168 0
169 169 -80343.89999999999
170 170 0
171 171 -74605.04999999999
172 172 0
173 173 -63127.35000000001
174 174 0
175 175 -51649.65
176 176 0
177 177 -40171.95
178 178 0
179 179 -28694.25
180 180 0
181 181 -17216.55
182 182 0
183 183 -5738.85
184 184 0
185 185 -0
186 186 0
187 187 -0
188 188 0
189 189 -0
190 190 0
191 191 -0
192 192 0
193 193 -68866.2
194 194 0
195 195 -68866.2
196 196 0
197 197 -45876.92014694952
198 198 0
199 199 -45899.50671564985
200 200 0
201 201 -22955.4
202 202 0
203 203 -22955.4
204 204 0
205 205 -5738.85
206 206 0
207 207 -17216.55
208 208 0
209 209 -63127.35000000001
210 210 0
211 211 -51649.65
212 212 0
213 213 -40138.07014694952
214 214 0
215 215 -28682.95671564984
216 216 0
217 217 -17216.55
218 218 0
219 219 -5738.85
220 220 0
221 221 -88952.175
222 222 0
223 223 -83213.325
224 224 0
225 225 -77474.47499999999
226 226 0
227 227 -71735.625
228 228 0
229 229 -80343.89999999999
230 230 0
231 231 -80343.89999999999
232 232 0
233 233 -71735.625
234 234 0
235 235 -77474.47499999999
236 236 0
237 237 -5738.85
238 238 0
239 239 -11477.7
240 240 0
241 241 -5738.85
242 242 0
243 243 -57377.20671564984
244 244 0
245 245 -51627.06343129968
246 246 0
247 247 -51638.35671564985
248 248 0
249 249 -63127.35000000001
250 250 0
251 251 -63127.35000000001
252 252 0
253 253 -57388.5
254 254 0
255 255 -34410.51343129968
256 256 0
257 257 -28682.95671564984
258 258 0
259 259 -28682.95671564984
260 260 0
261 261 -40160.65671564984
262 262 0
263 263 -40149.36343129969
264 264 0
265 265 -34421.80671564984
266 266 0
267 267 -11477.7
268 268 0
269 269 -5738.85
270 270 0
271 271 -5738.85
272 272 0
273 273 -17216.55
274 274 0
275 275 -17216.55
276 276 0
277 277 -11477.7
278 278 0
279 279 -83213.325
280 280 0
281 281 -86082.75
282 282 0
283 283 -83213.325
284 284 0
285 285 -74605.04999999999
286 286 0
287 287 -77474.47499999999
288 288 0
289 289 -77474.47499999999
290 290 0
291 291 -74605.04999999999
292 292 0
293 293 -71735.625
294 294 0
295 295 -71735.625
296 296 0
297 297 -30.41771865162732
298 298 0
299 299 -0
300 300 0
301 301 -45910.8
302 302 0
303 303 -68866.2
304 304 0
305 305 -22955.4
306 306 0
307 307 -80343.89999999999
308 308 0
309 309 -22955.4
310 310 0
311 311 -15.20885932581366
312 312 0
313 313 -0
314 314 0
315 315 -57388.5
316 316 0
317 317 -34433.1
318 318 0
319 319 -11492.90885932581
320 320 0
321 321 -68866.2
322 322 0
323 323 -57388.5
324 324 0
325 325 -45910.8
326 326 0
327 327 -34433.1
328 328 0
329 329 -11477.7
330 330 0
331 331 -11477.7
332 332 0
333 333 -11477.7
334 334 0
335 335 -86082.75
336 336 0
337 337 -74605.04999999999
338 338 0
339 339 -80343.89999999999
340 340 0
341 341 -74605.04999999999
342 342 0
343 343 -22955.4
344 344 0
345 345 -22955.4
346 346 0
347 347 -34433.1
348 348 0
349 349 -11477.7
350 350 0
351 351 -22.81328898872049
352 352 0
353 353 -7.60442966290683
354 354 0
355 355 -0
356 356 0
357 357 -0
358 358 0
359 359 -63127.35000000001
360 360 0
361 361 -51649.65
362 362 0
363 363 -40171.95
364 364 0
365 365 -28694.25
366 366 0
367 367 -17224.15442966291
368 368 0
369 369 -5761.663288988721
370 370 0
371 371 -68866.2
372 372 0
373 373 -68866.2
374 374 0
375 375 -51649.65
376 376 0
377 377 -63127.35000000001
378 378 0
379 379 -45910.8
380 380 0
381 381 -45910.8
382 382 0
383 383 -28694.25
384 384 0
385 385 -40171.95
386 386 0
387 387 -5738.85
388 388 0
389 389 -17216.55
390 390 0
391 391 -5738.85
392 392 0
393 393 -17216.55
394 394 0
395 395 -17216.55
396 396 0
397 397 -5738.85
398 398 0
399 399 -88952.175
400 400 0
401 401 -83213.325
402 402 0
403 403 -77474.47499999999
404 404 0
405 405 -71735.625
406 406 0
407 407 -80343.89999999999
408 408 0
409 409 -80343.89999999999
410 410 0
411 411 -71735.625
412 412 0
413 413 -77474.47499999999
414 414 0
415 415 -22955.4
416 416 0
417 417 -22955.4
418 418 0
419 419 -22955.4
420 420 0
421 421 -22955.4
422 422 0
423 423 -28694.25
424 424 0
425 425 -40171.95
426 426 0
427 427 -17216.55
428 428 0
429 429 -5738.85
430 430 0
431 431 -57388.5
432 432 0
433 433 -63127.35000000001
434 434 0
435 435 -63127.35000000001
436 436 0
437 437 -51649.65
438 438 0
439 439 -57388.5
440 440 0
441 441 -51649.65
442 442 0
443 443 -34433.1
444 444 0
445 445 -40171.95
446 446 0
447 447 -40171.95
448 448 0
449 449 -5738.85
450 450 0
451 451 -11477.7
452 452 0
453 453 -5738.85
454 454 0
455 455 -5738.85
456 456 0
457 457 -11477.7
458 458 0
459 459 -5738.85
460 460 0
461 461 -11485.30442966291
462 462 0
463 463 -5754.058859325814
464 464 0
465 465 -5746.454429662906
466 466 0
467 467 -83213.325
468 468 0
469 469 -86082.75
470 470 0
471 471 -83213.325
472 472 0
473 473 -74605.04999999999
474 474 0
475 475 -77474.47499999999
476 476 0
477 477 -77474.47499999999
478 478 0
479 479 -71735.625
480 480 0
481 481 -74605.04999999999
482 482 0
483 483 -71735.625
484 484 0
485 485 -34433.1
486 486 0
487 487 -28694.25
488 488 0
489 489 -28694.25
490 490 0
491 491 -34433.1
492 492 0
493 493 -28694.25
494 494 0
495 495 -28694.25
496 496 0
497 497 -11477.7
498 498 0
499 499 -17216.55
500 500 0
501 501 -17216.55
502 502 0
503 503 -11477.7
504 504 0
505 505 -17216.55
506 506 0
507 507 -17216.55
508 508 1
509 509 688.6619999999999
510 510 1
511 511 -45865.62686259936
512 512 1
513 513 -68866.2
514 514 1
515 515 -22955.4
516 516 1
517 517 -57365.91343129968
518 518 1
519 519 -34410.51343129968
520 520 1
521 521 -11477.7
522 522 1
523 523 -63116.05671564984
524 524 1
525 525 -51615.77014694952
526 526 1
527 527 -40138.07014694952
528 528 1
529 529 -28682.95671564984
530 530 1
531 531 -17216.55
532 532 1
533 533 -5738.85
534 534 0
535 535 -91821.60000000001
536 536 0
537 537 -91821.60000000001
538 538 0
539 539 -0
540 540 0
541 541 -45910.8
542 542 0
543 543 -68866.2
544 544 0
545 545 -22955.4
546 546 0
547 547 -80343.89999999999
548 548 0
549 549 -80343.89999999999
550 550 0
551 551 -91821.60000000001
552 552 0
553 553 -57388.5
554 554 0
555 555 -34433.1
556 556 0
557 557 -11477.7
558 558 0
559 559 -86082.75
560 560 0
561 561 -74605.04999999999
562 562 0
563 563 -86082.75
564 564 0
565 565 -74605.04999999999
566 566 0
567 567 -91821.60000000001
568 568 0
569 569 -91821.60000000001
570 570 0
571 571 -51649.65
572 572 0
573 573 -63127.35000000001
574 574 0
575 575 -28694.25
576 576 0
577 577 -40171.95
578 578 0
579 579 -5738.85
580 580 0
581 581 -17216.55
582 582 0
583 583 -83213.325
584 584 0
585 585 -88952.175
586 586 0
587 587 -71735.625
588 588 0
589 589 -77474.47499999999
590 590 0
591 591 -88952.175
592 592 0
593 593 -83213.325
594 594 0
595 595 -77474.47499999999
596 596 0
597 597 -71735.625
