1
2
598
10 0
10 0
11 0
11 0
10.5 0
10.5 0
11.5 0
11.5 0
4.80129 0.00129195
4.80129 0.00129195
5.475 5.85
5.475 5.85
5.25 3.9
5.25 3.9
5.025 1.95
5.025 1.95
5.5875 6.825
5.5875 6.825
5.025 2.925
5.025 2.925
5.02629 0.976292
5.02629 0.976292
5.5875 6.3375
5.5875 6.3375
5.7 7.3125
5.7 7.3125
5.475 4.875
5.475 4.875
4.20065 0.000645976
4.20065 0.000645976
5.40194 0.00193793
5.40194 0.00193793
5.2125 5.85
5.2125 5.85
5.7375 5.85
5.7375 5.85
4.875 3.9
4.875 3.9
5.625 3.9
5.625 3.9
4.5375 1.95
4.5375 1.95
5.5125 1.95
5.5125 1.95
5.38125 6.825
5.38125 6.825
5.79375 6.825
5.79375 6.825
5.5125 3.4125
5.5125 3.4125
4.5375 2.4375
4.5375 2.4375
4.53815 1.46315
4.53815 1.46315
5.51444 0.489438
5.51444 0.489438
5.38125 6.58125
5.38125 6.58125
5.79375 6.09375
5.79375 6.09375
5.85 7.06875
5.85 7.06875
5.55 7.55625
5.55 7.55625
5.2125 5.3625
5.2125 5.3625
5.7375 4.3875
5.7375 4.3875
5.025 2.4375
5.025 2.4375
5.5125 2.4375
5.5125 2.4375
5.5125 2.925
5.5125 2.925
5.1375 3.4125
5.1375 3.4125
4.7625 3.4125
4.7625 3.4125
4.65 2.925
4.65 2.925
5.51379 0.976292
5.51379 0.976292
5.51315 1.46315
5.51315 1.46315
5.02565 1.46315
5.02565 1.46315
4.42565 0.975646
4.42565 0.975646
4.31315 0.488146
4.31315 0.488146
4.91379 0.488792
4.91379 0.488792
5.79375 6.3375
5.79375 6.3375
5.79375 6.58125
5.79375 6.58125
5.5875 6.58125
5.5875 6.58125
5.325 6.3375
5.325 6.3375
5.26875 6.09375
5.26875 6.09375
5.53125 6.09375
5.53125 6.09375
5.49375 7.3125
5.49375 7.3125
5.4375 7.06875
5.4375 7.06875
5.64375 7.06875
5.64375 7.06875
5.85 7.3125
5.85 7.3125
5.85 7.55625
5.85 7.55625
5.7 7.55625
5.7 7.55625
5.7375 4.875
5.7375 4.875
5.7375 5.3625
5.7375 5.3625
5.475 5.3625
5.475 5.3625
5.1 4.875
5.1 4.875
4.9875 4.3875
4.9875 4.3875
5.3625 4.3875
5.3625 4.3875
3.6 0
3.6 0
4.5 3.9
4.5 3.9
4.95 5.85
4.95 5.85
4.05 1.95
4.05 1.95
1.8 0
1.8 0
5.175 6.825
5.175 6.825
4.725 4.875
4.725 4.875
4.275 2.925
4.275 2.925
3.825 0.975
3.825 0.975
0.9 0
0.9 0
2.7 0
2.7 0
4.5 5.85
4.5 5.85
3.6 3.89808
3.6 3.89808
2.7 1.95
2.7 1.95
2.925 0.975
2.925 0.975
4.275 4.875
4.275 4.875
3.375 2.92308
3.375 2.92308
1.575 0.975
1.575 0.975
5.2875 7.3125
5.2875 7.3125
5.0625 6.3375
5.0625 6.3375
4.95 6.825
4.95 6.825
4.8375 6.3375
4.8375 6.3375
4.8375 5.3625
4.8375 5.3625
4.6125 4.3875
4.6125 4.3875
4.3875 3.4125
4.3875 3.4125
4.1625 2.4375
4.1625 2.4375
3.9375 1.4625
3.9375 1.4625
3.7125 0.4875
3.7125 0.4875
0.45 0
0.45 0
1.35 0
1.35 0
2.25 0
2.25 0
3.15 0
3.15 0
4.275 5.85
4.275 5.85
4.725 5.85
4.725 5.85
3.15 3.89712
3.15 3.89712
4.05 3.89904
4.05 3.89904
2.025 1.95
2.025 1.95
3.375 1.95
3.375 1.95
2.3625 0.4875
2.3625 0.4875
3.4875 1.4625
3.4875 1.4625
4.1625 5.3625
4.1625 5.3625
4.3875 4.3875
4.3875 4.3875
3.0375 3.40962
3.0375 3.40962
3.7125 2.43654
3.7125 2.43654
1.4625 1.4625
1.4625 1.4625
1.6875 0.4875
1.6875 0.4875
5.34375 7.55625
5.34375 7.55625
5.23125 7.06875
5.23125 7.06875
5.11875 6.58125
5.11875 6.58125
5.00625 6.09375
5.00625 6.09375
4.8375 6.825
4.8375 6.825
5.0625 6.825
5.0625 6.825
4.89375 6.09375
4.89375 6.09375
4.78125 6.58125
4.78125 6.58125
3.2625 0.4875
3.2625 0.4875
3.375 0.975
3.375 0.975
2.8125 0.4875
2.8125 0.4875
3.825 4.87404
3.825 4.87404
3.4875 4.38558
3.4875 4.38558
3.9375 4.38654
3.9375 4.38654
4.6125 5.3625
4.6125 5.3625
4.3875 5.3625
4.3875 5.3625
4.5 4.875
4.5 4.875
2.7 2.92308
2.7 2.92308
2.3625 2.43654
2.3625 2.43654
3.0375 2.43654
3.0375 2.43654
3.9375 3.41154
3.9375 3.41154
3.4875 3.41058
3.4875 3.41058
3.825 2.92404
3.825 2.92404
1.125 0.975
1.125 0.975
0.7875 0.4875
0.7875 0.4875
1.2375 0.4875
1.2375 0.4875
2.8125 1.4625
2.8125 1.4625
2.1375 1.4625
2.1375 1.4625
2.25 0.975
2.25 0.975
5.11875 7.06875
5.11875 7.06875
5.175 7.3125
5.175 7.3125
5.00625 7.06875
5.00625 7.06875
4.95 6.3375
4.95 6.3375
5.00625 6.58125
5.00625 6.58125
4.89375 6.58125
4.89375 6.58125
4.6125 6.3375
4.6125 6.3375
4.44375 6.09375
4.44375 6.09375
4.66875 6.09375
4.66875 6.09375
6.00258 0.0025839
6.00258 0.0025839
8 0
8 0
6 3.9
6 3.9
6 5.85
6 5.85
6 1.95
6 1.95
6 6.825
6 6.825
8.36796 1.95
8.36796 1.95
7.00129 0.00129195
7.00129 0.00129195
9 0
9 0
6 4.875
6 4.875
6 2.925
6 2.925
6.00129 0.976292
6.00129 0.976292
6.75 5.85
6.75 5.85
6.75 4.875
6.75 4.875
7.5 3.9
7.5 3.9
7.5 2.925
7.5 2.925
9.25 0.975
9.25 0.975
10.25 0.975
10.25 0.975
7 0.975
7 0.975
6 7.3125
6 7.3125
6 6.3375
6 6.3375
6.375 6.825
6.375 6.825
6.375 6.3375
6.375 6.3375
7.18398 1.95
7.18398 1.95
9.43398 1.95
9.43398 1.95
8.68398 2.925
8.68398 2.925
8.18398 0.975
8.18398 0.975
6.50194 0.00193793
6.50194 0.00193793
7.50065 0.000645976
7.50065 0.000645976
8.5 0
8.5 0
9.5 0
9.5 0
6 5.3625
6 5.3625
6 4.3875
6 4.3875
6 3.4125
6 3.4125
6 2.4375
6 2.4375
6.00065 1.46315
6.00065 1.46315
6.00194 0.489438
6.00194 0.489438
6.375 5.85
6.375 5.85
7.125 5.85
7.125 5.85
6.375 4.3875
6.375 4.3875
7.125 5.3625
7.125 5.3625
6.75 3.9
6.75 3.9
8.25 3.9
8.25 3.9
6.75 2.4375
6.75 2.4375
8.25 3.4125
8.25 3.4125
8.625 0.4875
8.625 0.4875
9.875 1.4625
9.875 1.4625
10.125 0.4875
10.125 0.4875
10.375 1.4625
10.375 1.4625
6.5 1.4625
6.5 1.4625
7.5 0.4875
7.5 0.4875
6 7.55625
6 7.55625
6 7.06875
6 7.06875
6 6.58125
6 6.58125
6 6.09375
6 6.09375
6.1875 6.825
6.1875 6.825
6.5625 6.825
6.5625 6.825
6.1875 6.09375
6.1875 6.09375
6.5625 6.58125
6.5625 6.58125
6.59199 1.95
6.59199 1.95
7.77597 1.95
7.77597 1.95
8.90097 1.95
8.90097 1.95
9.96699 1.95
9.96699 1.95
8.52597 2.4375
8.52597 2.4375
8.84199 3.4125
8.84199 3.4125
8.27597 1.4625
8.27597 1.4625
8.09199 0.4875
8.09199 0.4875
6.375 4.875
6.375 4.875
6.75 5.3625
6.75 5.3625
6.375 5.3625
6.375 5.3625
7.875 4.3875
7.875 4.3875
7.5 4.875
7.5 4.875
7.125 4.3875
7.125 4.3875
6.75 2.925
6.75 2.925
7.5 3.4125
7.5 3.4125
6.75 3.4125
6.75 3.4125
9.625 0.4875
9.625 0.4875
9.75 0.975
9.75 0.975
9.125 0.4875
9.125 0.4875
11.125 0.4875
11.125 0.4875
10.75 0.975
10.75 0.975
10.625 0.4875
10.625 0.4875
6.50065 0.975646
6.50065 0.975646
6.50129 0.488792
6.50129 0.488792
7.00065 0.488146
7.00065 0.488146
6.375 7.06875
6.375 7.06875
6.1875 7.3125
6.1875 7.3125
6.1875 7.06875
6.1875 7.06875
6.1875 6.3375
6.1875 6.3375
6.375 6.58125
6.375 6.58125
6.1875 6.58125
6.1875 6.58125
6.9375 6.09375
6.9375 6.09375
6.75 6.3375
6.75 6.3375
6.5625 6.09375
6.5625 6.09375
9.21699 2.925
9.21699 2.925
9.05898 2.4375
9.05898 2.4375
9.59199 2.4375
9.59199 2.4375
8.09199 2.925
8.09199 2.925
7.34199 2.4375
7.34199 2.4375
7.93398 2.4375
7.93398 2.4375
7.59199 0.975
7.59199 0.975
7.68398 1.4625
7.68398 1.4625
7.09199 1.4625
7.09199 1.4625
8.71699 0.975
8.71699 0.975
9.34199 1.4625
9.34199 1.4625
8.80898 1.4625
8.80898 1.4625
0 0
0 0
2.7 3.89616
2.7 3.89616
4.05 5.85
4.05 5.85
1.35 1.95
1.35 1.95
3.375 4.87308
3.375 4.87308
2.025 2.92308
2.025 2.92308
0.675 0.975
0.675 0.975
3.7125 5.36154
3.7125 5.36154
3.0375 4.38462
3.0375 4.38462
2.3625 3.40962
2.3625 3.40962
1.6875 2.43654
1.6875 2.43654
1.0125 1.4625
1.0125 1.4625
0.3375 0.4875
0.3375 0.4875
6 7.8
6 7.8
5.4 7.8
5.4 7.8
12 0
12 0
9 3.9
9 3.9
7.5 5.85
7.5 5.85
10.5 1.95
10.5 1.95
6.75 6.825
6.75 6.825
4.725 6.825
4.725 6.825
5.7 7.8
5.7 7.8
8.25 4.875
8.25 4.875
9.75 2.925
9.75 2.925
11.25 0.975
11.25 0.975
6.375 7.3125
6.375 7.3125
7.125 6.3375
7.125 6.3375
5.0625 7.3125
5.0625 7.3125
4.3875 6.3375
4.3875 6.3375
5.85 7.8
5.85 7.8
5.55 7.8
5.55 7.8
8.625 4.3875
8.625 4.3875
7.875 5.3625
7.875 5.3625
10.125 2.4375
10.125 2.4375
9.375 3.4125
9.375 3.4125
11.625 0.4875
11.625 0.4875
10.875 1.4625
10.875 1.4625
6.5625 7.06875
6.5625 7.06875
6.1875 7.55625
6.1875 7.55625
7.3125 6.09375
7.3125 6.09375
6.9375 6.58125
6.9375 6.58125
5.23125 7.55625
5.23125 7.55625
4.89375 7.06875
4.89375 7.06875
4.55625 6.58125
4.55625 6.58125
4.21875 6.09375
4.21875 6.09375
1
0 0 0
1 1 0
2 2 0
3 3 0
4 4 0
5 5 0
6 6 0
7 7 0
8 8 1.812132795813536e-06
9 9 -4.606028237549983e-05
10 10 -3.660726569524127e-10
11 11 5.041823525314844e-05
12 12 3.010326590275869e-09
13 13 -0.0002763979524087289
14 14 1.805174737140839e-08
15 15 -0.0008286799044823279
16 16 -3.175523292485716e-10
17 17 5.1025197410158e-05
18 18 8.335902021311706e-09
19 19 -0.0005740202162699162
20 20 4.459151250108186e-08
21 21 -0.001024749420585055
22 22 -3.35354055878865e-10
23 23 5.003653544280418e-05
24 24 -2.627391960299855e-10
25 25 4.52333113581207e-05
26 26 4.792081004288202e-10
27 27 -5.499967210240684e-05
28 28 1.81600208845823e-06
29 29 -1.853921458100816e-05
30 30 1.821310054612693e-06
31 31 -7.399351850068884e-05
32 32 -3.804506777353739e-10
33 33 5.239847685437277e-05
34 34 -3.686384569360062e-10
35 35 5.077161059910938e-05
36 36 4.035186616854453e-09
37 37 -0.0003704970823314989
38 38 2.099185174226363e-09
39 39 -0.0001927400341894097
40 40 2.604351246377427e-08
41 41 -0.001195548272536177
42 42 1.239554847329928e-08
43 43 -0.0005690275769970664
44 44 -3.416263087951309e-10
45 45 5.489347292514932e-05
46 46 -2.990899654388716e-10
47 47 4.805861387744369e-05
48 48 3.865226483729946e-09
49 49 -0.0003105280411245181
50 50 1.666532165560677e-08
51 51 -0.00095631449995249
52 52 4.293756774357314e-08
53 53 -0.001478911912272775
54 54 9.235114446728899e-08
55 55 -0.001063730641799914
56 56 -3.872626722752855e-10
57 57 6.0004008199545e-05
58 58 -2.83048653584582e-10
59 59 4.060792751491178e-05
60 60 -2.562913586984214e-10
61 61 4.265243089011537e-05
62 62 -2.632523235022867e-10
63 63 4.68324173321709e-05
64 64 -2.866438863717579e-11
65 65 3.61886998728419e-06
66 66 8.512944671209859e-10
67 67 -8.793385979387433e-05
68 68 1.350437187915441e-08
69 69 -0.0007749281139743205
70 70 9.159779720843031e-09
71 71 -0.0005256202193244244
72 72 6.541623547822839e-09
73 73 -0.0004504639985119332
74 74 4.780659092174425e-09
75 75 -0.0003840728370358421
76 76 6.268464469841264e-09
77 77 -0.0005036015335551525
78 78 9.681930039617539e-09
79 79 -0.0006667092920280627
80 80 2.9376020331781e-08
81 81 -0.0006750850571610009
82 82 1.829350594619517e-08
83 83 -0.0006300888690168645
84 84 2.584707671108669e-08
85 85 -0.0008902589127020759
86 86 7.502780584157873e-08
87 87 -0.001723059260424904
88 88 1.551299643378508e-07
89 89 -0.001782119070982588
90 90 1.210858601296069e-07
91 91 -0.001392865272200307
92 92 -2.76058322348364e-10
93 93 4.11893045603051e-05
94 94 -2.926988726121513e-10
95 95 4.535192034563554e-05
96 96 -3.113603216769997e-10
97 97 4.824339627543521e-05
98 98 -4.182436244461376e-10
99 99 6.240408184345916e-05
100 100 -3.75844462921531e-10
101 101 5.392099112452007e-05
102 102 -3.364540524703253e-10
103 103 4.826979120824929e-05
104 104 -3.174690424867957e-10
105 105 5.465562966263911e-05
106 106 -3.311184021126643e-10
107 107 5.510527135606312e-05
108 108 -3.117308007213216e-10
109 109 5.187875812773764e-05
110 110 -2.134715792045853e-10
111 111 3.675137517380697e-05
112 112 -2.119223807390827e-10
113 113 3.770085396083639e-05
114 114 -2.166425162859953e-10
115 115 3.854056300200254e-05
116 116 1.696003623114413e-10
117 117 -1.946536190511891e-05
118 118 -2.323733487896023e-10
119 119 2.933706352168069e-05
120 120 -1.427826057539215e-10
121 121 1.802624893417295e-05
122 122 9.790283861409296e-10
123 123 -0.0001123650507239959
124 124 2.255452919208637e-09
125 125 -0.00023297541645531
126 126 1.553919655414582e-09
127 127 -0.0001605110067821824
128 128 1.836469194433954e-06
129 129 9.182443969871223e-06
130 130 4.156806056848747e-09
131 131 -0.0003816637826451293
132 132 -3.904449750013794e-10
133 133 5.37749666422881e-05
134 134 5.851652936781171e-08
135 135 -0.002686248104728773
136 136 -95.76882248243808
137 137 98537.29536855669
138 138 -2.693868891075681e-10
139 139 4.328584002465851e-05
140 140 1.231431000014705e-09
141 141 -0.000141333792691869
142 142 1.298570292457043e-08
143 143 -0.0008942110862293885
144 144 1.158406055415484e-07
145 145 -0.002658588248722583
146 146 2502.889489914706
147 147 -2942129.304925785
148 148 1.196076124048035e-06
149 149 5.980380515792426e-06
150 150 -5.226182417457738e-10
151 151 7.197885162822074e-05
152 152 9.39301657212163e-09
153 153 -0.0008620105333676195
154 154 1.302167409340029e-07
155 155 -0.005977703665964426
156 156 4.89089521947567e-07
157 157 -0.01122480016445232
158 158 2.393270349088933e-09
159 159 -0.000274680424505654
160 160 2.946871557026237e-08
161 161 -0.002027919922289339
162 162 -2.704934405117498e-05
163 163 0.2584812632798459
164 164 -2.58065964585725e-10
165 165 4.442876606620993e-05
166 166 -3.445816720109624e-10
167 167 5.141334122410548e-05
168 168 -2.25640331298179e-10
169 169 3.625652022591023e-05
170 170 -3.875366593191684e-10
171 171 5.782244600739238e-05
172 172 1.702352389586515e-10
173 173 -2.14921499381819e-05
174 174 2.420901482751804e-09
175 175 -0.0002500653103791128
176 176 8.365797022606851e-09
177 177 -0.0006720989229508027
178 178 2.052656178097286e-08
179 179 -0.001177885969049552
180 180 6.888975789304548e-08
181 181 -0.002371743532238563
182 182 2.102552520850732e-07
183 183 -0.002412195477970426
184 184 -1544.618944560919
185 185 1477389.417598777
186 186 -543.3211129800848
187 187 514813.8563330741
188 188 7.452955633165925e-07
189 189 3.726083787722675e-06
190 190 1.426013283731714e-06
191 191 7.130198570877455e-06
192 192 -7.719012935264252e-10
193 193 0.0001063119556250196
194 194 -4.13217416324674e-10
195 195 5.691135860070218e-05
196 196 1.09501412825475e-08
197 197 -0.001004662761150152
198 198 7.682186452646693e-09
199 199 -0.0007051787293341976
200 200 1.133362051778807e-07
201 201 -0.005202789184957262
202 202 9.208469434143929e-08
203 203 -0.004227221574190761
204 204 2.083732858543166e-06
205 205 -0.02390604195760607
206 206 1.263961014758733e-07
207 207 -0.004351577629780726
208 208 1.941570295175021e-09
209 209 -0.0002451226648899616
210 210 3.348039228149913e-09
211 211 -0.0003458333664899159
212 212 2.169992351028915e-08
213 213 -0.001741877612396462
214 214 3.88227955648892e-08
215 215 -0.002226911051945324
216 216 -1.684596788315778e-06
217 217 0.03008180416172172
218 218 -8.295692988539406
219 219 21879.97347257286
220 220 -2.434460831878481e-10
221 221 4.330890045111042e-05
222 222 -2.729207973173207e-10
223 223 4.541993063402139e-05
224 224 -3.470867811845504e-10
225 225 5.377899552081436e-05
226 226 -3.117135671579529e-10
227 227 4.472037310742028e-05
228 228 -2.390914967427173e-10
229 229 3.841789219123464e-05
230 230 -2.135171280185055e-10
231 231 3.430853205276332e-05
232 232 -3.226025897865641e-10
233 233 4.628258330871896e-05
234 234 -4.031073637221487e-10
235 235 6.245904675923831e-05
236 236 3.034296978836588e-07
237 237 -0.003481157878055359
238 238 1.706581560411113e-07
239 239 -0.003916673012300983
240 240 5.912678667265776e-07
241 241 -0.006783438883346462
242 242 4.231707389480139e-09
243 243 -0.0004855859365372843
244 244 6.729067195524925e-09
245 245 -0.0006947703181773444
246 246 5.61502834328277e-09
247 247 -0.0005798735990428722
248 248 2.852994731099863e-10
249 249 -3.601897326832343e-05
250 250 5.749096547084034e-10
251 251 -7.258217017358645e-05
252 252 1.205704456479991e-09
253 253 -0.0001383811060329843
254 254 4.495768835808244e-08
255 255 -0.003093809501230832
256 256 7.809367206684577e-08
257 257 -0.004479524398177084
258 258 6.398883514722964e-08
259 259 -0.003670458095649947
260 260 1.201839221236877e-08
261 261 -0.0009652729527560294
262 262 1.470903533772008e-08
263 263 -0.00118104327379337
264 264 1.887461124290472e-08
265 265 -0.001299302078367309
266 266 0
267 267 -0.004692979903489348
268 268 -221.6942063367794
269 269 591974.9661217026
270 270 -89.19066061039486
271 271 237533.5533350066
272 272 2.831113876734129e-07
273 273 -0.009746987232561781
274 274 2.992873463529428e-07
275 275 -0.01030389469126094
276 276 2.068322633927397e-06
277 277 -0.04746883182830555
278 278 -2.013831206446969e-10
279 279 3.351451108469345e-05
280 280 -1.881947415041427e-10
281 281 3.239970151805102e-05
282 282 -2.098394576533563e-10
283 283 3.492182918579385e-05
284 284 -2.288980142809888e-10
285 285 3.415274878611928e-05
286 286 -2.256828468670539e-10
287 287 3.496819198019711e-05
288 288 -2.433424749881073e-10
289 289 3.770444449595337e-05
290 290 -6.412159330110097e-10
291 291 9.56726866811928e-05
292 292 -8.092489806036064e-10
293 293 0.0001160999156310778
294 294 -5.567967732673701e-10
295 295 7.988154428757651e-05
296 296 1.998062774730784e-06
297 297 -0.0001115626575523831
298 298 1.685867566528991e-06
299 299 8.429337358829142e-06
300 300 1.641417949627862e-09
301 301 -0.0001507094013641222
302 302 -3.906886900293568e-10
303 303 5.380853317417075e-05
304 304 9.466175427879858e-09
305 305 -0.0004345523544540338
306 306 -2.166679481416693e-10
307 307 3.481481320320474e-05
308 308 -7.141972889965265e-09
309 309 0.0003278579790922092
310 310 2.074237510385671e-06
311 311 -5.272238622136896e-05
312 312 2.404189740376406e-06
313 313 1.202094923627591e-05
314 314 -8.346537056001221e-11
315 315 9.57948486796255e-06
316 316 4.85595075312272e-09
317 317 -0.0003343865960009913
318 318 2.291502074966422e-08
319 319 -0.0005266059169310592
320 320 -6.715336627099366e-10
321 321 9.248858537749382e-05
322 322 -1.172573630243971e-09
323 323 0.0001345786206903804
324 324 -2.986832710843362e-09
325 325 0.0002742408242784201
326 326 -2.558015728306262e-09
327 327 0.0001761480326700204
328 328 -5.426414055174275e-08
329 329 0.001245383731321945
330 330 -1.740450617808847e-07
331 331 0.00399440378591702
332 332 1.291468508315061e-08
333 333 -0.0002963971885319859
334 334 -2.324623181615012e-10
335 335 4.002082904116368e-05
336 336 -2.562637119497076e-10
337 337 3.823585297531857e-05
338 338 -2.432917771119142e-10
339 339 3.909280396330794e-05
340 340 -3.536462040613198e-10
341 341 5.276581724158319e-05
342 342 1.233563727761758e-10
343 343 -5.662772977321935e-06
344 344 -2.275125405356323e-08
345 345 0.001044414518332174
346 346 -9.078344077983416e-09
347 347 0.0006251456672228617
348 348 -6.982084079175733e-09
349 349 0.0001602416224513554
350 350 2.056101009414257e-06
351 351 -8.353236226320206e-05
352 352 2.0814954757743e-06
353 353 -2.124971768023836e-05
354 354 1.943907075131025e-06
355 355 9.719547484606092e-06
356 356 4.052867945592633e-06
357 357 2.026432270860407e-05
358 358 -4.467675124515549e-10
359 359 5.640425602505844e-05
360 360 3.762764004435375e-10
361 361 -3.886718628060851e-05
362 362 3.148615537662277e-09
363 363 -0.000252956265130242
364 364 7.04091524967296e-09
365 365 -0.0004040323301272526
366 366 1.312525731297106e-08
367 367 -0.0004520773020115897
368 368 7.635093216253219e-08
369 369 -0.0008794350124535326
370 370 -5.94575205408819e-10
371 371 8.188929299114819e-05
372 372 -7.695585800027477e-10
373 373 0.0001059893004877622
374 374 -1.704568697502566e-10
375 375 1.760722788303037e-05
376 376 -1.67112050407277e-09
377 377 0.0002109784617892821
378 378 -2.797132397117644e-10
379 379 2.568231943025153e-05
380 380 -5.855957709281606e-09
381 381 0.000537674127840664
382 382 2.743605403468082e-09
383 383 -0.0001574376808857938
384 384 -5.804292711707163e-09
385 385 0.0004663104879276247
386 386 1.961221910579013e-08
387 387 -0.0002250051081502252
388 388 -4.839717049220072e-08
389 389 0.00166622262606366
390 390 -1.273331456541697e-06
391 391 0.01460854979945892
392 392 -6.058684861247694e-08
393 393 0.002085890076188444
394 394 9.139444174796428e-09
395 395 -0.0003146536972176719
396 396 5.798122620557404e-08
397 397 -0.0006652012081978763
398 398 -2.314361745784945e-10
399 399 4.117234606793056e-05
400 400 -2.331813792927281e-10
401 401 3.880643127095885e-05
402 402 -2.686954259122213e-10
403 403 4.163272965100219e-05
404 404 -2.354770806474855e-10
405 405 3.378300816923879e-05
406 406 -2.505988202202191e-10
407 407 4.02669218045787e-05
408 408 -2.377522683692886e-10
409 409 3.820270171037978e-05
410 410 -3.34064139383689e-10
411 411 4.792692700281034e-05
412 412 -3.564599505617055e-10
413 413 5.523131236581506e-05
414 414 4.732159689374283e-09
415 415 -0.0002172335593013501
416 416 -4.994755574006429e-09
417 417 0.0002292882653210458
418 418 -1.53371740722397e-08
419 419 0.0007040652382946295
420 420 -3.082255506910182e-08
421 421 0.001414934039511109
422 422 -9.781184275060443e-09
423 423 0.0005612785853237386
424 424 -8.065727953019367e-09
425 425 0.0006479917051551371
426 426 -1.108316060576257e-08
427 427 0.0003815721622248873
428 428 2.724047687194758e-08
429 429 -0.0003125217671207312
430 430 -3.464205133772789e-10
431 431 3.975937713894919e-05
432 432 -8.377781162835258e-10
433 433 0.0001057692320661443
434 434 -6.362855415983439e-10
435 435 8.033085676291808e-05
436 436 -4.039437345922521e-09
437 437 0.0004172508515149673
438 438 -2.807184259541007e-09
439 439 0.0003221861489427148
440 440 -1.947075017111019e-09
441 441 0.0002011217526730407
442 442 1.233888041482522e-09
443 443 -8.496696786177045e-05
444 444 -3.199615673147607e-09
445 445 0.0002570536258264759
446 446 2.851177723732595e-10
447 447 -2.290604543671174e-05
448 448 -3.713796399890481e-07
449 449 0.004260727189134695
450 450 -1.045346947623639e-07
451 451 0.002399113045455002
452 452 -8.220320407550262e-08
453 453 0.0009430926204547947
454 454 -1.028985598353188e-07
455 455 0.001180524307421945
456 456 -7.407710463944169e-08
457 457 0.001700099180136615
458 458 -1.278446005758013e-07
459 459 0.001466722747151835
460 460 1.718903416805966e-08
461 461 -0.0003947566360461881
462 462 6.478940907386637e-08
463 463 -0.0007452801984031612
464 464 5.743993306794749e-08
465 465 -0.0006598647117792558
466 466 -2.415798097648771e-10
467 467 4.020411171620096e-05
468 468 -2.480543129906096e-10
469 469 4.270515570428733e-05
470 470 -2.498725914005854e-10
471 471 4.158421046835249e-05
472 472 -2.367043417053674e-10
473 473 3.531749271406886e-05
474 474 -2.409499480033714e-10
475 475 3.733373646653044e-05
476 476 -2.461830362240065e-10
477 477 3.814457340821982e-05
478 478 -4.935733271177298e-10
479 479 7.081110960942185e-05
480 480 -4.776881375819916e-10
481 481 7.127350579785472e-05
482 482 -4.597268766976888e-10
483 483 6.595528483765534e-05
484 484 -1.118020507399716e-08
485 485 0.0007698823360851349
486 486 -1.303251234011384e-08
487 487 0.0007478511677361798
488 488 -1.818420236270521e-08
489 489 0.001043473168007055
490 490 -5.364047029654732e-09
491 491 0.0003693747058407589
492 492 -1.4521541409863e-09
493 493 8.332970754588759e-05
494 494 -5.128669631766548e-09
495 495 0.0002943010106957974
496 496 5.716039162730726e-09
497 497 -0.0001311853818250705
498 498 -2.69321628519001e-09
499 499 9.272232319435143e-05
500 500 4.226464443597683e-09
501 501 -0.0001455091273348001
502 502 -2.31615663340427e-08
503 503 0.0005315672103437306
504 504 -3.399289918723325e-08
505 505 0.00117031091506423
506 506 -2.020846199468357e-08
507 507 0.0006957389478904948
508 508 0
509 509 0
510 510 0
511 511 0.008222888071065901
512 512 0
513 513 0.006511891848141212
514 514 0
515 515 0.007242176597206972
516 516 0
517 517 0.004869436513274969
518 518 0
519 519 0.01486775956302581
520 520 0
521 521 0
522 522 0
523 523 0.004361730021002843
524 524 0
525 525 0.006315806648211362
526 526 0
527 527 0.01112212758089658
528 528 0
529 529 0.01855413599605708
530 530 0
531 531 -0.002011277101523507
532 532 0
533 533 0
534 534 7.602901470808787e-09
535 535 -0.001396183140795745
536 536 7.142843412273034e-09
537 537 -0.001311698907037355
538 538 3.174757209861829e-07
539 539 1.587378536345744e-06
540 540 2.925189174380506e-08
541 541 -0.002685809244780024
542 542 1.629764080841434e-08
543 543 -0.002244631697620183
544 544 4.504053272211003e-08
545 545 -0.00206762169009494
546 546 9.639745314202922e-09
547 547 -0.001548941268235419
548 548 8.641302960420309e-09
549 549 -0.001388508755348502
550 550 6.750530914050758e-09
551 551 -0.001239655346101206
552 552 2.53728507022282e-08
553 553 -0.002912092819173453
554 554 3.844948189649578e-08
555 555 -0.00264767746589292
556 556 1.015418133264794e-07
557 557 -0.002330425232646847
558 558 9.022472424251961e-09
559 559 -0.00155331336068749
560 560 1.030063703692588e-08
561 561 -0.001536907580252895
562 562 8.1283502812749e-09
563 563 -0.001399380848599525
564 564 9.082800122446585e-09
565 565 -0.001355200102313093
566 566 6.751465038506705e-09
567 567 -0.001239826887309123
568 568 6.749848647446978e-09
569 569 -0.001239530055863469
570 570 2.748946162525441e-08
571 571 -0.00283950469828799
572 572 2.346901829006786e-08
573 573 -0.00296295651892923
574 574 4.32311278672304e-08
575 575 -0.002480753428187551
576 576 3.453991338201631e-08
577 577 -0.002774898653518226
578 578 1.766459476874644e-07
579 579 -0.002026605964115674
580 580 6.806647998493089e-08
581 581 -0.002343399580783986
582 582 9.339633005239705e-09
583 583 -0.001554317132671142
584 584 8.724318472512452e-09
585 585 -0.0015520505841685
586 586 1.070289232629122e-08
587 587 -0.00153550382899171
588 588 9.92045825811049e-09
589 589 -0.001537114990136391
590 590 7.872556719121219e-09
591 591 -0.001400522723148082
592 592 8.398764694274541e-09
593 593 -0.001397736278406662
594 594 8.831183139230801e-09
595 595 -0.001368338399534203
596 596 9.232958006927987e-09
597 597 -0.001324617862748671
