1
2
598
10 0
10 0
11 0
11 0
10.5 0
10.5 0
11.5 0
11.5 0
4.80129 0.00129195
4.80129 0.00129195
5.475 5.85
5.475 5.85
5.25 3.9
5.25 3.9
5.025 1.95
5.025 1.95
5.5875 6.825
5.5875 6.825
5.025 2.925
5.025 2.925
5.02629 0.976292
5.02629 0.976292
5.5875 6.3375
5.5875 6.3375
5.7 7.3125
5.7 7.3125
5.475 4.875
5.475 4.875
4.20065 0.000645976
4.20065 0.000645976
5.40194 0.00193793
5.40194 0.00193793
5.2125 5.85
5.2125 5.85
5.7375 5.85
5.7375 5.85
4.875 3.9
4.875 3.9
5.625 3.9
5.625 3.9
4.5375 1.95
4.5375 1.95
5.5125 1.95
5.5125 1.95
5.38125 6.825
5.38125 6.825
5.79375 6.825
5.79375 6.825
5.5125 3.4125
5.5125 3.4125
4.5375 2.4375
4.5375 2.4375
4.53815 1.46315
4.53815 1.46315
5.51444 0.489438
5.51444 0.489438
5.38125 6.58125
5.38125 6.58125
5.79375 6.09375
5.79375 6.09375
5.85 7.06875
5.85 7.06875
5.55 7.55625
5.55 7.55625
5.2125 5.3625
5.2125 5.3625
5.7375 4.3875
5.7375 4.3875
5.025 2.4375
5.025 2.4375
5.5125 2.4375
5.5125 2.4375
5.5125 2.925
5.5125 2.925
5.1375 3.4125
5.1375 3.4125
4.7625 3.4125
4.7625 3.4125
4.65 2.925
4.65 2.925
5.51379 0.976292
5.51379 0.976292
5.51315 1.46315
5.51315 1.46315
5.02565 1.46315
5.02565 1.46315
4.42565 0.975646
4.42565 0.975646
4.31315 0.488146
4.31315 0.488146
4.91379 0.488792
4.91379 0.488792
5.79375 6.3375
5.79375 6.3375
5.79375 6.58125
5.79375 6.58125
5.5875 6.58125
5.5875 6.58125
5.325 6.3375
5.325 6.3375
5.26875 6.09375
5.26875 6.09375
5.53125 6.09375
5.53125 6.09375
5.49375 7.3125
5.49375 7.3125
5.4375 7.06875
5.4375 7.06875
5.64375 7.06875
5.64375 7.06875
5.85 7.3125
5.85 7.3125
5.85 7.55625
5.85 7.55625
5.7 7.55625
5.7 7.55625
5.7375 4.875
5.7375 4.875
5.7375 5.3625
5.7375 5.3625
5.475 5.3625
5.475 5.3625
5.1 4.875
5.1 4.875
4.9875 4.3875
4.9875 4.3875
5.3625 4.3875
5.3625 4.3875
3.6 0
3.6 0
4.5 3.9
4.5 3.9
4.95 5.85
4.95 5.85
4.05 1.95
4.05 1.95
1.8 0
1.8 0
5.175 6.825
5.175 6.825
4.725 4.875
4.725 4.875
4.275 2.925
4.275 2.925
3.825 0.975
3.825 0.975
0.9 0
0.9 0
2.7 0
2.7 0
4.5 5.85
4.5 5.85
3.6 3.89808
3.6 3.89808
2.7 1.95
2.7 1.95
2.925 0.975
2.925 0.975
4.275 4.875
4.275 4.875
3.375 2.92308
3.375 2.92308
1.575 0.975
1.575 0.975
5.2875 7.3125
5.2875 7.3125
5.0625 6.3375
5.0625 6.3375
4.95 6.825
4.95 6.825
4.8375 6.3375
4.8375 6.3375
4.8375 5.3625
4.8375 5.3625
4.6125 4.3875
4.6125 4.3875
4.3875 3.4125
4.3875 3.4125
4.1625 2.4375
4.1625 2.4375
3.9375 1.4625
3.9375 1.4625
3.7125 0.4875
3.7125 0.4875
0.45 0
0.45 0
1.35 0
1.35 0
2.25 0
2.25 0
3.15 0
3.15 0
4.275 5.85
4.275 5.85
4.725 5.85
4.725 5.85
3.15 3.89712
3.15 3.89712
4.05 3.89904
4.05 3.89904
2.025 1.95
2.025 1.95
3.375 1.95
3.375 1.95
2.3625 0.4875
2.3625 0.4875
3.4875 1.4625
3.4875 1.4625
4.1625 5.3625
4.1625 5.3625
4.3875 4.3875
4.3875 4.3875
3.0375 3.40962
3.0375 3.40962
3.7125 2.43654
3.7125 2.43654
1.4625 1.4625
1.4625 1.4625
1.6875 0.4875
1.6875 0.4875
5.34375 7.55625
5.34375 7.55625
5.23125 7.06875
5.23125 7.06875
5.11875 6.58125
5.11875 6.58125
5.00625 6.09375
5.00625 6.09375
4.8375 6.825
4.8375 6.825
5.0625 6.825
5.0625 6.825
4.89375 6.09375
4.89375 6.09375
4.78125 6.58125
4.78125 6.58125
3.2625 0.4875
3.2625 0.4875
3.375 0.975
3.375 0.975
2.8125 0.4875
2.8125 0.4875
3.825 4.87404
3.825 4.87404
3.4875 4.38558
3.4875 4.38558
3.9375 4.38654
3.9375 4.38654
4.6125 5.3625
4.6125 5.3625
4.3875 5.3625
4.3875 5.3625
4.5 4.875
4.5 4.875
2.7 2.92308
2.7 2.92308
2.3625 2.43654
2.3625 2.43654
3.0375 2.43654
3.0375 2.43654
3.9375 3.41154
3.9375 3.41154
3.4875 3.41058
3.4875 3.41058
3.825 2.92404
3.825 2.92404
1.125 0.975
1.125 0.975
0.7875 0.4875
0.7875 0.4875
1.2375 0.4875
1.2375 0.4875
2.8125 1.4625
2.8125 1.4625
2.1375 1.4625
2.1375 1.4625
2.25 0.975
2.25 0.975
5.11875 7.06875
5.11875 7.06875
5.175 7.3125
5.175 7.3125
5.00625 7.06875
5.00625 7.06875
4.95 6.3375
4.95 6.3375
5.00625 6.58125
5.00625 6.58125
4.89375 6.58125
4.89375 6.58125
4.6125 6.3375
4.6125 6.3375
4.44375 6.09375
4.44375 6.09375
4.66875 6.09375
4.66875 6.09375
6.00258 0.0025839
6.00258 0.0025839
8 0
8 0
6 3.9
6 3.9
6 5.85
6 5.85
6 1.95
6 1.95
6 6.825
6 6.825
8.36796 1.95
8.36796 1.95
7.00129 0.00129195
7.00129 0.00129195
9 0
9 0
6 4.875
6 4.875
6 2.925
6 2.925
6.00129 0.976292
6.00129 0.976292
6.75 5.85
6.75 5.85
6.75 4.875
6.75 4.875
7.5 3.9
7.5 3.9
7.5 2.925
7.5 2.925
9.25 0.975
9.25 0.975
10.25 0.975
10.25 0.975
7 0.975
7 0.975
6 7.3125
6 7.3125
6 6.3375
6 6.3375
6.375 6.825
6.375 6.825
6.375 6.3375
6.375 6.3375
7.18398 1.95
7.18398 1.95
9.43398 1.95
9.43398 1.95
8.68398 2.925
8.68398 2.925
8.18398 0.975
8.18398 0.975
6.50194 0.00193793
6.50194 0.00193793
7.50065 0.000645976
7.50065 0.000645976
8.5 0
8.5 0
9.5 0
9.5 0
6 5.3625
6 5.3625
6 4.3875
6 4.3875
6 3.4125
6 3.4125
6 2.4375
6 2.4375
6.00065 1.46315
6.00065 1.46315
6.00194 0.489438
6.00194 0.489438
6.375 5.85
6.375 5.85
7.125 5.85
7.125 5.85
6.375 4.3875
6.375 4.3875
7.125 5.3625
7.125 5.3625
6.75 3.9
6.75 3.9
8.25 3.9
8.25 3.9
6.75 2.4375
6.75 2.4375
8.25 3.4125
8.25 3.4125
8.625 0.4875
8.625 0.4875
9.875 1.4625
9.875 1.4625
10.125 0.4875
10.125 0.4875
10.375 1.4625
10.375 1.4625
6.5 1.4625
6.5 1.4625
7.5 0.4875
7.5 0.4875
6 7.55625
6 7.55625
6 7.06875
6 7.06875
6 6.58125
6 6.58125
6 6.09375
6 6.09375
6.1875 6.825
6.1875 6.825
6.5625 6.825
6.5625 6.825
6.1875 6.09375
6.1875 6.09375
6.5625 6.58125
6.5625 6.58125
6.59199 1.95
6.59199 1.95
7.77597 1.95
7.77597 1.95
8.90097 1.95
8.90097 1.95
9.96699 1.95
9.96699 1.95
8.52597 2.4375
8.52597 2.4375
8.84199 3.4125
8.84199 3.4125
8.27597 1.4625
8.27597 1.4625
8.09199 0.4875
8.09199 0.4875
6.375 4.875
6.375 4.875
6.75 5.3625
6.75 5.3625
6.375 5.3625
6.375 5.3625
7.875 4.3875
7.875 4.3875
7.5 4.875
7.5 4.875
7.125 4.3875
7.125 4.3875
6.75 2.925
6.75 2.925
7.5 3.4125
7.5 3.4125
6.75 3.4125
6.75 3.4125
9.625 0.4875
9.625 0.4875
9.75 0.975
9.75 0.975
9.125 0.4875
9.125 0.4875
11.125 0.4875
11.125 0.4875
10.75 0.975
10.75 0.975
10.625 0.4875
10.625 0.4875
6.50065 0.975646
6.50065 0.975646
6.50129 0.488792
6.50129 0.488792
7.00065 0.488146
7.00065 0.488146
6.375 7.06875
6.375 7.06875
6.1875 7.3125
6.1875 7.3125
6.1875 7.06875
6.1875 7.06875
6.1875 6.3375
6.1875 6.3375
6.375 6.58125
6.375 6.58125
6.1875 6.58125
6.1875 6.58125
6.9375 6.09375
6.9375 6.09375
6.75 6.3375
6.75 6.3375
6.5625 6.09375
6.5625 6.09375
9.21699 2.925
9.21699 2.925
9.05898 2.4375
9.05898 2.4375
9.59199 2.4375
9.59199 2.4375
8.09199 2.925
8.09199 2.925
7.34199 2.4375
7.34199 2.4375
7.93398 2.4375
7.93398 2.4375
7.59199 0.975
7.59199 0.975
7.68398 1.4625
7.68398 1.4625
7.09199 1.4625
7.09199 1.4625
8.71699 0.975
8.71699 0.975
9.34199 1.4625
9.34199 1.4625
8.80898 1.4625
8.80898 1.4625
0 0
0 0
2.7 3.89616
2.7 3.89616
4.05 5.85
4.05 5.85
1.35 1.95
1.35 1.95
3.375 4.87308
3.375 4.87308
2.025 2.92308
2.025 2.92308
0.675 0.975
0.675 0.975
3.7125 5.36154
3.7125 5.36154
3.0375 4.38462
3.0375 4.38462
2.3625 3.40962
2.3625 3.40962
1.6875 2.43654
1.6875 2.43654
1.0125 1.4625
1.0125 1.4625
0.3375 0.4875
0.3375 0.4875
6 7.8
6 7.8
5.4 7.8
5.4 7.8
12 0
12 0
9 3.9
9 3.9
7.5 5.85
7.5 5.85
10.5 1.95
10.5 1.95
6.75 6.825
6.75 6.825
4.725 6.825
4.725 6.825
5.7 7.8
5.7 7.8
8.25 4.875
8.25 4.875
9.75 2.925
9.75 2.925
11.25 0.975
11.25 0.975
6.375 7.3125
6.375 7.3125
7.125 6.3375
7.125 6.3375
5.0625 7.3125
5.0625 7.3125
4.3875 6.3375
4.3875 6.3375
5.85 7.8
5.85 7.8
5.55 7.8
5.55 7.8
8.625 4.3875
8.625 4.3875
7.875 5.3625
7.875 5.3625
10.125 2.4375
10.125 2.4375
9.375 3.4125
9.375 3.4125
11.625 0.4875
11.625 0.4875
10.875 1.4625
10.875 1.4625
6.5625 7.06875
6.5625 7.06875
6.1875 7.55625
6.1875 7.55625
7.3125 6.09375
7.3125 6.09375
6.9375 6.58125
6.9375 6.58125
5.23125 7.55625
5.23125 7.55625
4.89375 7.06875
4.89375 7.06875
4.55625 6.58125
4.55625 6.58125
4.21875 6.09375
4.21875 6.09375
1
0 0 0
1 1 0
2 2 0
3 3 0
4 4 0
5 5 0
6 6 0
7 7 0
8 8 1.084593168275244e-05
9 9 -0.0002756788113110337
10 10 3.450296259054185e-10
11 11 -4.752003359993477e-05
12 12 2.098973055602519e-08
13 13 -0.00192720569577369
14 14 4.44315351377145e-08
15 15 -0.002039665158366157
16 16 -3.338288420354128e-10
17 17 5.364055323134624e-05
18 18 4.137790115089021e-08
19 19 -0.002849331930376289
20 20 -9.581376243292505e-09
21 21 0.0002201878816539757
22 22 -2.79916271974017e-10
23 23 4.176493712420887e-05
24 24 -2.705459187063971e-10
25 25 4.657732176708488e-05
26 26 6.393510323961755e-09
27 27 -0.0007337959631521346
28 28 1.641291732504887e-05
29 29 -0.01025644014066004
30 30 1.591342893237651e-05
31 31 -0.01242417518735013
32 32 1.28614323627033e-10
33 33 -3.119608084364333e-05
34 34 -5.415877737388164e-10
35 35 1.070558465605091e-05
36 36 1.742688383339963e-08
37 37 -0.001950382328732972
38 38 9.285275207493213e-09
39 39 -0.001185998832599808
40 40 1.279417381513564e-07
41 41 -0.004489637796774278
42 42 1.834115111636832e-07
43 43 -0.004670117904569454
44 44 -1.50211138012951e-10
45 45 4.583590201205168e-05
46 46 2.460654083681135e-11
47 47 1.97614218527246e-05
48 48 1.508032844791244e-08
49 49 -0.001638965144875358
50 50 1.241095916942274e-07
51 51 -0.005186902135200964
52 52 1.71132575927077e-07
53 53 -0.004199042876611754
54 54 -3.423988009401534e-07
55 55 0.003914945461393843
56 56 -3.332309460846435e-10
57 57 6.216337057342119e-05
58 58 -8.052201315711235e-10
59 59 6.205795059958052e-05
60 60 -9.332420885393152e-11
61 61 2.744300093315117e-05
62 62 -2.655545088269907e-10
63 63 4.925984848483855e-05
64 64 2.432795162604283e-09
65 65 -0.0003672775609723901
66 66 9.976146688395965e-09
67 67 -0.0009846576320094518
68 68 2.854323952263853e-07
69 69 -0.009490237511056134
70 70 1.673337786971937e-07
71 71 -0.005725985791799714
72 72 9.419665342893681e-08
73 73 -0.004467735078495161
74 74 7.499707494926774e-08
75 75 -0.004129159103656244
76 76 3.331148798342669e-08
77 77 -0.002753464611162619
78 78 1.604806183548986e-07
79 79 -0.007047056738140387
80 80 9.767767713112982e-07
81 81 -0.009493332994431454
82 82 1.465381762581506e-07
83 83 -0.002563603274568307
84 84 6.954841041459819e-07
85 85 -0.01216393882255148
86 86 4.331487952850102e-07
87 87 -0.00603386644801368
88 88 9.108440239134838e-06
89 89 -0.03306415844910623
90 90 9.371881410613655e-06
91 91 -0.03356657431589663
92 92 5.103524737072321e-10
93 93 -2.481657553660306e-05
94 94 1.436385347289614e-10
95 95 7.389903996358679e-06
96 96 1.660316678736265e-09
97 97 -0.0001047613164300586
98 98 1.472558331469023e-10
99 99 2.407335495910757e-05
100 100 -1.331836677321941e-09
101 101 0.0001161512187495908
102 102 7.890582075592612e-10
103 103 -4.654940215611809e-05
104 104 -3.466590493632895e-10
105 105 6.092662399567283e-05
106 106 -1.352995053134811e-10
107 107 4.41813747647248e-05
108 108 7.591241480542423e-10
109 109 -3.59310327604666e-05
110 110 7.823171378672698e-11
111 111 1.040667811565458e-05
112 112 -1.798931203212283e-10
113 113 3.385693436537833e-05
114 114 7.697265243580476e-10
115 115 -4.886666072512528e-05
116 116 -1.246362147793896e-08
117 117 0.000463292265589085
118 118 1.214531790138e-09
119 119 -0.0001998951156219602
120 120 -1.554806427643848e-08
121 121 0.0008324775827985784
122 122 -2.933657732280694e-09
123 123 -0.0003605257160192834
124 124 1.683178518794149e-08
125 125 -0.00169758788949356
126 126 -1.921627876961454e-08
127 127 0.0003140923700196288
128 128 6.143575263478697e-06
129 129 -0.004221257642960746
130 130 2.69089315742775e-08
131 131 -0.002354246338296086
132 132 -1.043326523360492e-09
133 133 5.525145140694836e-05
134 134 2.702851806080279e-07
135 135 -0.01007843955207462
136 136 -1.723257610970419e-06
137 137 -0.0002006925927193438
138 138 -3.324429591799055e-11
139 139 3.273830879975089e-05
140 140 3.050054430019134e-09
141 141 -0.0007064352232181506
142 142 6.163809748183565e-08
143 143 -0.004244473361384762
144 144 1.227654612042814e-07
145 145 -0.001356598526700385
146 146 -1.029506835959605e-06
147 147 0.005513149562412438
148 148 1.472849379818671e-05
149 149 7.364262001186353e-05
150 150 -5.313892856374247e-10
151 151 7.318686338291577e-05
152 152 5.190407009476803e-08
153 153 -0.004763310575050708
154 154 6.291435556452508e-07
155 155 -0.02888133823846302
156 156 4.769898346173947e-07
157 157 -0.01094710752390652
158 158 1.439291816952779e-08
159 159 -0.001651904006129352
160 160 1.605378305054661e-07
161 161 -0.011047575651842
162 162 4.307393461614341e-05
163 163 -0.4329237099916317
164 164 -2.981092473148203e-10
165 165 5.339264805981898e-05
166 166 -3.582687421701675e-10
167 167 6.46374046707446e-05
168 168 -3.60496595067014e-10
169 169 5.792560290757403e-05
170 170 -7.287561133516905e-10
171 171 0.0001087341286041578
172 172 -4.985109760396908e-09
173 173 6.748234100256625e-05
174 174 1.138930086230281e-08
175 175 -0.00138573360525479
176 176 1.107951184701818e-07
177 177 -0.006254379954756491
178 178 2.012155144332169e-07
179 179 -0.008112174060781626
180 180 7.245764948917005e-07
181 181 -0.01385811691759996
182 182 2.375875319076126e-07
183 183 0.001573414298095557
184 184 0.0001721393180478866
185 185 1.943959319884873
186 186 3.406288423575434e-05
187 187 -0.03605415055874273
188 188 6.109073979037973e-05
189 189 -0.06065780940300268
190 190 -3.03071024815842e-05
191 191 0.03775197546341729
192 192 -9.977224843452753e-10
193 193 0.0001716186000805722
194 194 4.058472895609111e-09
195 195 -0.0002677784735243458
196 196 7.020424389324333e-08
197 197 -0.006056815865265767
198 198 6.378178945640365e-08
199 199 -0.004889664360001727
200 200 1.971432380726015e-06
201 201 -0.08799859473032638
202 202 3.57240528469011e-07
203 203 -0.01498522579951904
204 204 6.668655287131194e-07
205 205 -0.007810335468587455
206 206 2.801102590150715e-07
207 207 -0.009154761286416596
208 208 8.343115335409236e-09
209 209 -0.001188841845951076
210 210 2.969589721643895e-08
211 211 -0.002567788467188495
212 212 1.506297790777068e-07
213 213 -0.01114632940945483
214 214 2.952987626379257e-07
215 215 -0.0130193543191881
216 216 8.941131600992403e-05
217 217 -1.532378036763487
218 218 -6.393016767459839e-06
219 219 0.03946256571425045
220 220 -4.133703957028374e-10
221 221 6.216070017135003e-05
222 222 4.031708627667951e-11
223 223 2.682035236298335e-05
224 224 1.296450191435344e-09
225 225 -6.100626814700737e-05
226 226 -4.694872827881323e-10
227 227 6.041365295270476e-05
228 228 -1.218742877643759e-09
229 229 0.0001308282663699717
230 230 4.73825713299168e-10
231 231 -1.239998693861532e-05
232 232 -5.183263590849403e-10
233 233 7.248373151900371e-05
234 234 1.483497390455915e-10
235 235 4.886369577144665e-05
236 236 -9.792834055832816e-07
237 237 0.01516172379458827
238 238 1.458213487747093e-06
239 239 -0.01642014783795828
240 240 1.790498397955809e-05
241 241 -0.07338184833734648
242 242 1.713223627432028e-08
243 243 -0.002314239748240731
244 244 6.447278074172898e-08
245 245 -0.00524046787086844
246 246 4.791306933727298e-08
247 247 -0.00411935297523304
248 248 3.994628411751124e-09
249 249 -0.0004705250233642804
250 250 5.187186260506192e-09
251 251 -0.0006104385139376837
252 252 5.765916016741884e-09
253 253 -0.0007906316064428317
254 254 3.428236446732852e-07
255 255 -0.02176834002697191
256 256 8.756764783157311e-07
257 257 -0.04282880231722735
258 258 6.570136317117408e-07
259 259 -0.02820955373603884
260 260 6.826206451869207e-08
261 261 -0.005287716246014172
262 262 1.04387614175667e-07
263 263 -0.007428567296040078
264 264 1.248818094439544e-07
265 265 -0.007462953620772334
266 266 -0.0001615047592664564
267 267 1.585396736579318
268 268 0.02981082591914405
269 269 10.7922946304455
270 270 7.425355699322182e-05
271 271 -0.5987567387209467
272 272 3.64490742560458e-07
273 273 -0.01495269127205934
274 274 7.55817440735751e-07
275 275 -0.02403119408847189
276 276 -1.209105617171497e-06
277 277 0.01472604550053816
278 278 -3.343076975318777e-10
279 279 5.171221992338444e-05
280 280 -1.077513022969939e-10
281 281 3.098121936905051e-05
282 282 -4.916175254088295e-10
283 283 6.739270047982168e-05
284 284 2.295149224251869e-09
285 285 -0.0001424813099675058
286 286 -1.550451662186369e-10
287 287 4.012869952276345e-05
288 288 2.512866170550078e-09
289 289 -0.0001617580042487087
290 290 4.780974617314409e-10
291 291 7.004358715331218e-05
292 292 -1.91967044166311e-09
293 293 0.0002849631120640924
294 294 6.463795209834977e-09
295 295 -0.0003833255513753843
296 296 7.462446980811702e-06
297 297 -0.005722389405700995
298 298 8.247749644768589e-06
299 299 4.123876143450386e-05
300 300 1.485466180068501e-08
301 301 -0.001510090015951411
302 302 -7.208967684251972e-10
303 303 3.266866392363473e-05
304 304 1.459966261670323e-07
305 305 -0.003620247716090501
306 306 1.188245076208324e-10
307 307 4.125060665289258e-06
308 308 -2.792033212935531e-08
309 309 0.001281705181778718
310 310 5.605132803631935e-06
311 311 -0.0001424697127590411
312 312 5.159543171717274e-06
313 313 2.579779505789705e-05
314 314 2.32415120737183e-09
315 315 -0.0003583214685648541
316 316 3.140233078096528e-08
317 317 -0.002162402185267425
318 318 -4.602723901788456e-08
319 319 0.001546572380189775
320 320 1.168998844808933e-10
321 321 -1.61003171115342e-05
322 322 2.55442750578543e-09
323 323 -0.0002931767517531776
324 324 3.642151180453029e-10
325 325 -3.344099537992652e-05
326 326 2.326069813175164e-09
327 327 -0.000160175959388404
328 328 -3.202442791941384e-07
329 329 0.00734973430224049
330 330 -8.710692689037328e-07
331 331 0.01999138815084339
332 332 -6.92339723861961e-08
333 333 0.001588947355016464
334 334 -2.295742195418381e-10
335 335 3.650705586174719e-05
336 336 -1.765805195586186e-11
337 337 1.200519833809794e-05
338 338 -1.356739676335466e-10
339 339 2.18004724329312e-05
340 340 -1.532630437750061e-10
341 341 2.286762792387121e-05
342 342 -2.597924304351592e-09
343 343 0.0001192597916093673
344 344 -9.629346749666666e-08
345 345 0.004420428661252227
346 346 -2.894053805265216e-08
347 347 0.001992880179911094
348 348 -5.588092647437807e-08
349 349 0.001282489616696598
350 350 2.90274499696424e-05
351 351 -0.02937860379556008
352 352 2.448344490925956e-05
353 353 -0.02184633936291632
354 354 2.626860432147617e-05
355 355 -0.02568374120426307
356 356 2.082635706399506e-05
357 357 -0.008257850154124637
358 358 -1.013235934338752e-08
359 359 0.0005347199769756442
360 360 -5.593981277244312e-09
361 361 -5.959881414679919e-05
362 362 6.369361490212532e-08
363 363 -0.00358415609432604
364 364 2.078749781081398e-07
365 365 -0.006780862686076599
366 366 4.131402940272868e-07
367 367 -0.006578669494625782
368 368 8.090331401034275e-07
369 369 -0.003385655538289546
370 370 6.955533736039633e-10
371 371 -7.33134329891546e-05
372 372 3.246895006349487e-10
373 373 -8.327257451249803e-06
374 374 9.124683700023592e-09
375 375 -0.0008939362649757793
376 376 -1.05760052287379e-09
377 377 8.76825959197974e-05
378 378 4.875567312411507e-09
379 379 -0.000797237399486586
380 380 -1.233966746935363e-08
381 381 0.001116026748271985
382 382 5.2339151516367e-09
383 383 -0.0006430931133828751
384 384 -1.537438678857951e-08
385 385 0.001115805027423812
386 386 -8.602819889184009e-07
387 387 0.004022722197421516
388 388 -2.385880249583405e-07
389 389 0.008061630376630356
390 390 -6.654736437130456e-06
391 391 0.07673734505021373
392 392 -2.254063716358834e-07
393 393 0.008486613023729928
394 394 1.981378890712035e-08
395 395 9.657070184408527e-05
396 396 -9.257264063913425e-08
397 397 0.002295065255415341
398 398 -3.118131180460942e-10
399 399 4.580765940101136e-05
400 400 1.903181416588166e-10
401 401 -1.356891892990118e-07
402 402 5.134316187736685e-10
403 403 -2.512475175728539e-05
404 404 -4.734281588656857e-10
405 405 3.762670772336106e-05
406 406 7.777417477278597e-10
407 407 -4.891427807416737e-05
408 408 3.303696904370523e-10
409 409 -1.703219922160281e-05
410 410 -1.411115938240034e-09
411 411 0.0001040229351854745
412 412 4.14884444802772e-10
413 413 -1.906951957276128e-05
414 414 3.110412379049086e-07
415 415 -0.007188817138751944
416 416 7.704948740614384e-08
417 417 -0.0012243249701161
418 418 -1.151524874252968e-08
419 419 0.001784808070408455
420 420 -8.156688866717582e-08
421 421 0.004850243039706424
422 422 -6.586820040777344e-09
423 423 0.001213289853676313
424 424 -1.677137803598408e-08
425 425 0.001656277918758753
426 426 1.603089008574661e-07
427 427 -0.001756063688521818
428 428 6.300428068805402e-06
429 429 -0.02768767354112465
430 430 -7.3072285219524e-10
431 431 -0.0001673613722161815
432 432 -1.122760621057308e-09
433 433 1.469615299093125e-05
434 434 2.547334402914624e-09
435 435 -0.00026615248860928
436 436 -1.078133743183349e-08
437 437 0.0008455557162243977
438 438 -4.553239275180012e-09
439 439 0.000363224609525824
440 440 -4.674251258944364e-09
441 441 7.337305617476542e-05
442 442 1.070804577403828e-07
443 443 -0.004277705315618371
444 444 6.342180069352963e-09
445 445 -0.0002710862211077417
446 446 1.599775568333903e-08
447 447 -0.001305168666914413
448 448 -2.309699288912623e-06
449 449 0.02455313476356959
450 450 -4.58633192697527e-07
451 451 0.01163505000711436
452 452 1.276423759588459e-07
453 453 0.004446655465751306
454 454 -2.646725479570216e-07
455 455 0.003036508740938314
456 456 -2.5768714658883e-07
457 457 0.006248820493361546
458 458 -5.53882502774216e-07
459 459 0.006480682081961352
460 460 5.371160877522855e-07
461 461 -0.005261313555005591
462 462 4.064115565793291e-07
463 463 -0.002693295060338365
464 464 4.875521395595519e-06
465 465 -0.01910436896405401
466 466 4.643960613355253e-10
467 467 -2.663162663808723e-05
468 468 7.589317152330075e-12
469 469 1.484380381095612e-05
470 470 7.134740016681396e-10
471 471 -4.488394288847944e-05
472 472 2.068914779873602e-09
473 473 -0.0001462708453009607
474 474 2.431997726700627e-09
475 475 -0.0001788098125479603
476 476 -4.403616110534909e-11
477 477 1.434171461240905e-05
478 478 -1.379570215333464e-09
479 479 0.0001107569910132652
480 480 1.060816207423099e-09
481 481 -6.423692213810433e-05
482 482 1.422334003448281e-10
483 483 -5.087847249552607e-06
484 484 -3.69453493174835e-08
485 485 0.002593562666915052
486 486 -2.430571597857178e-08
487 487 0.002092861575430858
488 488 -4.522535247254053e-08
489 489 0.003297325689761125
490 490 8.969198526857163e-10
491 491 0.0003683235604633722
492 492 1.274182331428156e-07
493 493 -0.003625866268395461
494 494 4.053040761093961e-08
495 495 -0.0007533458398157958
496 496 9.856035391032721e-07
497 497 -0.009520101525824162
498 498 3.202082130039802e-08
499 499 -7.453118964950017e-05
500 500 5.929871911058093e-07
501 501 -0.009441855411413303
502 502 1.62523619236751e-07
503 503 0.0002396438332845138
504 504 -2.384650898422161e-08
505 505 0.003377644624582399
506 506 -6.99738752233653e-08
507 507 0.002987456257023589
508 508 0
509 509 0
510 510 0
511 511 0.05267334957188298
512 512 0
513 513 0.02885322629826802
514 514 0
515 515 0.5453264544602655
516 516 0
517 517 0.03151778059434214
518 518 0
519 519 0.1074299500265422
520 520 0
521 521 0
522 522 0
523 523 0.02611184481292875
524 524 0
525 525 0.04107918210572162
526 526 0
527 527 0.07308314697251085
528 528 0
529 529 0.1735719305174197
530 530 0
531 531 0.5161656599432211
532 532 0
533 533 0
534 534 7.617219475114965e-09
535 535 -0.001397942955953825
536 536 7.137933489093818e-09
537 537 -0.001310322915547692
538 538 3.2470410344449e-07
539 539 1.623520447170679e-06
540 540 2.074815932620817e-08
541 541 -0.001900292375756789
542 542 1.583668357112178e-08
543 543 -0.002230899795015882
544 544 -1.066416003010505e-08
545 545 0.0007855004201919192
546 546 1.048294525092202e-08
547 547 -0.001623396828914609
548 548 8.827391940502111e-09
549 549 -0.001391189029837783
550 550 6.751466469064625e-09
551 551 -0.001239794190343644
552 552 2.336377514704794e-08
553 553 -0.002715067358835515
554 554 2.580882580378742e-08
555 555 -0.001575535201445674
556 556 5.797773987160135e-08
557 557 -0.001303947452353042
558 558 9.270723385264147e-09
559 559 -0.001578648130159242
560 560 1.110262404529031e-08
561 561 -0.00160576664504078
562 562 8.081936390435268e-09
563 563 -0.001391390209414307
564 564 9.102665768892907e-09
565 565 -0.001308726051994036
566 566 6.553011294787969e-09
567 567 -0.00122200590887205
568 568 7.281481128000974e-09
569 569 -0.001287679409270119
570 570 1.861719668337843e-08
571 571 -0.002196438327572172
572 572 2.339745861674981e-08
573 573 -0.002952909453140068
574 574 1.554238361308345e-08
575 575 -0.0007657253403966245
576 576 3.653232101084892e-08
577 577 -0.002433091970500736
578 578 1.612362657902746e-07
579 579 -0.001831394562685127
580 580 2.157596080307112e-08
581 581 -0.0005834752743139496
582 582 9.91927325213673e-09
583 583 -0.001607192844131755
584 584 9.072613657827823e-09
585 585 -0.001585562815127332
586 586 9.85459819103457e-09
587 587 -0.001484665496444141
588 588 1.173710266225991e-08
589 589 -0.001687292372285001
590 590 7.799753338648071e-09
591 591 -0.001391716673439267
592 592 8.578675445346711e-09
593 593 -0.001406390442720717
594 594 9.737934461185024e-09
595 595 -0.001409864869375313
596 596 8.530746330228682e-09
597 597 -0.001184461908156845
