1
2
598
10 0
10 0
11 0
11 0
10.5 0
10.5 0
11.5 0
11.5 0
4.80129 0.00129195
4.80129 0.00129195
5.475 5.85
5.475 5.85
5.25 3.9
5.25 3.9
5.025 1.95
5.025 1.95
5.5875 6.825
5.5875 6.825
5.025 2.925
5.025 2.925
5.02629 0.976292
5.02629 0.976292
5.5875 6.3375
5.5875 6.3375
5.7 7.3125
5.7 7.3125
5.475 4.875
5.475 4.875
4.20065 0.000645976
4.20065 0.000645976
5.40194 0.00193793
5.40194 0.00193793
5.2125 5.85
5.2125 5.85
5.7375 5.85
5.7375 5.85
4.875 3.9
4.875 3.9
5.625 3.9
5.625 3.9
4.5375 1.95
4.5375 1.95
5.5125 1.95
5.5125 1.95
5.38125 6.825
5.38125 6.825
5.79375 6.825
5.79375 6.825
5.5125 3.4125
5.5125 3.4125
4.5375 2.4375
4.5375 2.4375
4.53815 1.46315
4.53815 1.46315
5.51444 0.489438
5.51444 0.489438
5.38125 6.58125
5.38125 6.58125
5.79375 6.09375
5.79375 6.09375
5.85 7.06875
5.85 7.06875
5.55 7.55625
5.55 7.55625
5.2125 5.3625
5.2125 5.3625
5.7375 4.3875
5.7375 4.3875
5.025 2.4375
5.025 2.4375
5.5125 2.4375
5.5125 2.4375
5.5125 2.925
5.5125 2.925
5.1375 3.4125
5.1375 3.4125
4.7625 3.4125
4.7625 3.4125
4.65 2.925
4.65 2.925
5.51379 0.976292
5.51379 0.976292
5.51315 1.46315
5.51315 1.46315
5.02565 1.46315
5.02565 1.46315
4.42565 0.975646
4.42565 0.975646
4.31315 0.488146
4.31315 0.488146
4.91379 0.488792
4.91379 0.488792
5.79375 6.3375
5.79375 6.3375
5.79375 6.58125
5.79375 6.58125
5.5875 6.58125
5.5875 6.58125
5.325 6.3375
5.325 6.3375
5.26875 6.09375
5.26875 6.09375
5.53125 6.09375
5.53125 6.09375
5.49375 7.3125
5.49375 7.3125
5.4375 7.06875
5.4375 7.06875
5.64375 7.06875
5.64375 7.06875
5.85 7.3125
5.85 7.3125
5.85 7.55625
5.85 7.55625
5.7 7.55625
5.7 7.55625
5.7375 4.875
5.7375 4.875
5.7375 5.3625
5.7375 5.3625
5.475 5.3625
5.475 5.3625
5.1 4.875
5.1 4.875
4.9875 4.3875
4.9875 4.3875
5.3625 4.3875
5.3625 4.3875
3.6 0
3.6 0
4.5 3.9
4.5 3.9
4.95 5.85
4.95 5.85
4.05 1.95
4.05 1.95
1.8 0
1.8 0
5.175 6.825
5.175 6.825
4.725 4.875
4.725 4.875
4.275 2.925
4.275 2.925
3.825 0.975
3.825 0.975
0.9 0
0.9 0
2.7 0
2.7 0
4.5 5.85
4.5 5.85
3.6 3.89808
3.6 3.89808
2.7 1.95
2.7 1.95
2.925 0.975
2.925 0.975
4.275 4.875
4.275 4.875
3.375 2.92308
3.375 2.92308
1.575 0.975
1.575 0.975
5.2875 7.3125
5.2875 7.3125
5.0625 6.3375
5.0625 6.3375
4.95 6.825
4.95 6.825
4.8375 6.3375
4.8375 6.3375
4.8375 5.3625
4.8375 5.3625
4.6125 4.3875
4.6125 4.3875
4.3875 3.4125
4.3875 3.4125
4.1625 2.4375
4.1625 2.4375
3.9375 1.4625
3.9375 1.4625
3.7125 0.4875
3.7125 0.4875
0.45 0
0.45 0
1.35 0
1.35 0
2.25 0
2.25 0
3.15 0
3.15 0
4.275 5.85
4.275 5.85
4.725 5.85
4.725 5.85
3.15 3.89712
3.15 3.89712
4.05 3.89904
4.05 3.89904
2.025 1.95
2.025 1.95
3.375 1.95
3.375 1.95
2.3625 0.4875
2.3625 0.4875
3.4875 1.4625
3.4875 1.4625
4.1625 5.3625
4.1625 5.3625
4.3875 4.3875
4.3875 4.3875
3.0375 3.40962
3.0375 3.40962
3.7125 2.43654
3.7125 2.43654
1.4625 1.4625
1.4625 1.4625
1.6875 0.4875
1.6875 0.4875
5.34375 7.55625
5.34375 7.55625
5.23125 7.06875
5.23125 7.06875
5.11875 6.58125
5.11875 6.58125
5.00625 6.09375
5.00625 6.09375
4.8375 6.825
4.8375 6.825
5.0625 6.825
5.0625 6.825
4.89375 6.09375
4.89375 6.09375
4.78125 6.58125
4.78125 6.58125
3.2625 0.4875
3.2625 0.4875
3.375 0.975
3.375 0.975
2.8125 0.4875
2.8125 0.4875
3.825 4.87404
3.825 4.87404
3.4875 4.38558
3.4875 4.38558
3.9375 4.38654
3.9375 4.38654
4.6125 5.3625
4.6125 5.3625
4.3875 5.3625
4.3875 5.3625
4.5 4.875
4.5 4.875
2.7 2.92308
2.7 2.92308
2.3625 2.43654
2.3625 2.43654
3.0375 2.43654
3.0375 2.43654
3.9375 3.41154
3.9375 3.41154
3.4875 3.41058
3.4875 3.41058
3.825 2.92404
3.825 2.92404
1.125 0.975
1.125 0.975
0.7875 0.4875
0.7875 0.4875
1.2375 0.4875
1.2375 0.4875
2.8125 1.4625
2.8125 1.4625
2.1375 1.4625
2.1375 1.4625
2.25 0.975
2.25 0.975
5.11875 7.06875
5.11875 7.06875
5.175 7.3125
5.175 7.3125
5.00625 7.06875
5.00625 7.06875
4.95 6.3375
4.95 6.3375
5.00625 6.58125
5.00625 6.58125
4.89375 6.58125
4.89375 6.58125
4.6125 6.3375
4.6125 6.3375
4.44375 6.09375
4.44375 6.09375
4.66875 6.09375
4.66875 6.09375
6.00258 0.0025839
6.00258 0.0025839
8 0
8 0
6 3.9
6 3.9
6 5.85
6 5.85
6 1.95
6 1.95
6 6.825
6 6.825
8.36796 1.95
8.36796 1.95
7.00129 0.00129195
7.00129 0.00129195
9 0
9 0
6 4.875
6 4.875
6 2.925
6 2.925
6.00129 0.976292
6.00129 0.976292
6.75 5.85
6.75 5.85
6.75 4.875
6.75 4.875
7.5 3.9
7.5 3.9
7.5 2.925
7.5 2.925
9.25 0.975
9.25 0.975
10.25 0.975
10.25 0.975
7 0.975
7 0.975
6 7.3125
6 7.3125
6 6.3375
6 6.3375
6.375 6.825
6.375 6.825
6.375 6.3375
6.375 6.3375
7.18398 1.95
7.18398 1.95
9.43398 1.95
9.43398 1.95
8.68398 2.925
8.68398 2.925
8.18398 0.975
8.18398 0.975
6.50194 0.00193793
6.50194 0.00193793
7.50065 0.000645976
7.50065 0.000645976
8.5 0
8.5 0
9.5 0
9.5 0
6 5.3625
6 5.3625
6 4.3875
6 4.3875
6 3.4125
6 3.4125
6 2.4375
6 2.4375
6.00065 1.46315
6.00065 1.46315
6.00194 0.489438
6.00194 0.489438
6.375 5.85
6.375 5.85
7.125 5.85
7.125 5.85
6.375 4.3875
6.375 4.3875
7.125 5.3625
7.125 5.3625
6.75 3.9
6.75 3.9
8.25 3.9
8.25 3.9
6.75 2.4375
6.75 2.4375
8.25 3.4125
8.25 3.4125
8.625 0.4875
8.625 0.4875
9.875 1.4625
9.875 1.4625
10.125 0.4875
10.125 0.4875
10.375 1.4625
10.375 1.4625
6.5 1.4625
6.5 1.4625
7.5 0.4875
7.5 0.4875
6 7.55625
6 7.55625
6 7.06875
6 7.06875
6 6.58125
6 6.58125
6 6.09375
6 6.09375
6.1875 6.825
6.1875 6.825
6.5625 6.825
6.5625 6.825
6.1875 6.09375
6.1875 6.09375
6.5625 6.58125
6.5625 6.58125
6.59199 1.95
6.59199 1.95
7.77597 1.95
7.77597 1.95
8.90097 1.95
8.90097 1.95
9.96699 1.95
9.96699 1.95
8.52597 2.4375
8.52597 2.4375
8.84199 3.4125
8.84199 3.4125
8.27597 1.4625
8.27597 1.4625
8.09199 0.4875
8.09199 0.4875
6.375 4.875
6.375 4.875
6.75 5.3625
6.75 5.3625
6.375 5.3625
6.375 5.3625
7.875 4.3875
7.875 4.3875
7.5 4.875
7.5 4.875
7.125 4.3875
7.125 4.3875
6.75 2.925
6.75 2.925
7.5 3.4125
7.5 3.4125
6.75 3.4125
6.75 3.4125
9.625 0.4875
9.625 0.4875
9.75 0.975
9.75 0.975
9.125 0.4875
9.125 0.4875
11.125 0.4875
11.125 0.4875
10.75 0.975
10.75 0.975
10.625 0.4875
10.625 0.4875
6.50065 0.975646
6.50065 0.975646
6.50129 0.488792
6.50129 0.488792
7.00065 0.488146
7.00065 0.488146
6.375 7.06875
6.375 7.06875
6.1875 7.3125
6.1875 7.3125
6.1875 7.06875
6.1875 7.06875
6.1875 6.3375
6.1875 6.3375
6.375 6.58125
6.375 6.58125
6.1875 6.58125
6.1875 6.58125
6.9375 6.09375
6.9375 6.09375
6.75 6.3375
6.75 6.3375
6.5625 6.09375
6.5625 6.09375
9.21699 2.925
9.21699 2.925
9.05898 2.4375
9.05898 2.4375
9.59199 2.4375
9.59199 2.4375
8.09199 2.925
8.09199 2.925
7.34199 2.4375
7.34199 2.4375
7.93398 2.4375
7.93398 2.4375
7.59199 0.975
7.59199 0.975
7.68398 1.4625
7.68398 1.4625
7.09199 1.4625
7.09199 1.4625
8.71699 0.975
8.71699 0.975
9.34199 1.4625
9.34199 1.4625
8.80898 1.4625
8.80898 1.4625
0 0
0 0
2.7 3.89616
2.7 3.89616
4.05 5.85
4.05 5.85
1.35 1.95
1.35 1.95
3.375 4.87308
3.375 4.87308
2.025 2.92308
2.025 2.92308
0.675 0.975
0.675 0.975
3.7125 5.36154
3.7125 5.36154
3.0375 4.38462
3.0375 4.38462
2.3625 3.40962
2.3625 3.40962
1.6875 2.43654
1.6875 2.43654
1.0125 1.4625
1.0125 1.4625
0.3375 0.4875
0.3375 0.4875
6 7.8
6 7.8
5.4 7.8
5.4 7.8
12 0
12 0
9 3.9
9 3.9
7.5 5.85
7.5 5.85
10.5 1.95
10.5 1.95
6.75 6.825
6.75 6.825
4.725 6.825
4.725 6.825
5.7 7.8
5.7 7.8
8.25 4.875
8.25 4.875
9.75 2.925
9.75 2.925
11.25 0.975
11.25 0.975
6.375 7.3125
6.375 7.3125
7.125 6.3375
7.125 6.3375
5.0625 7.3125
5.0625 7.3125
4.3875 6.3375
4.3875 6.3375
5.85 7.8
5.85 7.8
5.55 7.8
5.55 7.8
8.625 4.3875
8.625 4.3875
7.875 5.3625
7.875 5.3625
10.125 2.4375
10.125 2.4375
9.375 3.4125
9.375 3.4125
11.625 0.4875
11.625 0.4875
10.875 1.4625
10.875 1.4625
6.5625 7.06875
6.5625 7.06875
6.1875 7.55625
6.1875 7.55625
7.3125 6.09375
7.3125 6.09375
6.9375 6.58125
6.9375 6.58125
5.23125 7.55625
5.23125 7.55625
4.89375 7.06875
4.89375 7.06875
4.55625 6.58125
4.55625 6.58125
4.21875 6.09375
4.21875 6.09375
1
0 0 0
1 1 0
2 2 0
3 3 0
4 4 0
5 5 0
6 6 0
7 7 0
8 8 -24484808.41668079
9 9 21451661142.57734
10 10 0
11 11 -5.204170427930421e-18
12 12 0
13 13 -1.886511780124778e-17
14 14 0
15 15 4.644722106927901e-16
16 16 0
17 17 -1.284779574395323e-17
18 18 0
19 19 -5.767955557622884e-17
20 20 0
21 21 2.827382425407698e-15
22 22 0
23 23 1.073360150760649e-17
24 24 0
25 25 6.071532165918825e-18
26 26 0
27 27 1.680513367352532e-17
28 28 45112198.4313471
29 29 -64148837910.39496
30 30 -767226.9441692044
31 31 383768909.0741636
32 32 0
33 33 2.927345865710862e-18
34 34 0
35 35 3.144186300207963e-17
36 36 0
37 37 1.16009632455949e-17
38 38 0
39 39 1.745565497701662e-17
40 40 0
41 41 2.818925648462312e-16
42 42 0
43 43 1.940721888749053e-16
44 44 0
45 45 6.613633252161577e-18
46 46 0
47 47 3.903127820947816e-18
48 48 0
49 49 -1.034328872551171e-16
50 50 0
51 51 -2.062152532067429e-16
52 52 0
53 53 1.684633335607977e-15
54 54 -147175.3183522183
55 55 402433006.769363
56 56 0
57 57 -1.263095530945613e-17
58 58 0
59 59 -2.640032290002203e-17
60 60 0
61 61 -1.843143693225358e-18
62 62 0
63 63 6.339384312631369e-15
64 64 0
65 65 -3.382710778154774e-17
66 66 0
67 67 5.366800753803247e-17
68 68 0
69 69 3.666771747345976e-16
70 70 0
71 71 6.401129626354418e-16
72 72 0
73 73 1.179611963664229e-16
74 74 0
75 75 2.274656157874588e-16
76 76 0
77 77 -8.174884380540703e-17
78 78 0
79 79 3.545341104027599e-17
80 80 0
81 81 1.175665467756382e-14
82 82 0
83 83 -1.408595462493167e-15
84 84 0
85 85 6.928920090953309e-16
86 86 0
87 87 -7.564478557431364e-15
88 88 -9021065.268760614
89 89 24860045526.32121
90 90 -536305.3782613832
91 91 1477669095.701949
92 92 0
93 93 1.263095530945613e-17
94 94 0
95 95 9.269928574751063e-18
96 96 0
97 97 -4.553649124439119e-18
98 98 0
99 99 3.469446951953614e-18
100 100 0
101 101 3.198396408832238e-18
102 102 0
103 103 -2.859583229930518e-18
104 104 0
105 105 1.474514954580286e-17
106 106 0
107 107 -6.993104012531504e-18
108 108 0
109 109 8.890457814381136e-18
110 110 0
111 111 2.531612072753653e-17
112 112 0
113 113 5.362734995656426e-15
114 114 0
115 115 5.335629941344289e-15
116 116 0
117 117 -4.325966668217163e-17
118 118 0
119 119 2.276824562219559e-18
120 120 0
121 121 -2.211772431870429e-17
122 122 0
123 123 -3.263448539181368e-17
124 124 0
125 125 -3.068292148133978e-17
126 126 0
127 127 -1.984089975648473e-17
128 128 9624291.682803119
129 129 -14776743426.11901
130 130 0
131 131 -1.307547820017518e-16
132 132 0
133 133 2.47198095326695e-17
134 134 0
135 135 8.856576496490964e-16
136 136 -4853846.518241619
137 137 -1002251771.825005
138 138 0
139 139 -6.532318089225164e-18
140 140 0
141 141 -9.649399335120989e-18
142 142 0
143 143 -1.149525353377756e-16
144 144 0
145 145 3.592368373259158e-15
146 146 2722631.965295826
147 147 -10815569407.47758
148 148 3585925.221859954
149 149 -8610649816.706451
150 150 0
151 151 2.504507018441515e-17
152 152 0
153 153 -1.7726705520138e-16
154 154 0
155 155 1.290460793779147e-14
156 156 0
157 157 -4.011981719065361e-15
158 158 0
159 159 1.073360150760649e-17
160 160 0
161 161 -4.809520837145698e-16
162 162 0
163 163 -1.40812209982466e-12
164 164 0
165 165 -9.690056916589196e-18
166 166 0
167 167 1.707618421664669e-18
168 168 0
169 169 6.23416249179165e-19
170 170 0
171 171 5.431852884152377e-17
172 172 0
173 173 -4.675621868843738e-17
174 174 0
175 175 -3.957337929572091e-17
176 176 0
177 177 2.236166980751353e-16
178 178 0
179 179 5.74166365494011e-16
180 180 0
181 181 4.154364569367019e-15
182 182 -8018406.08536574
183 183 19390146468.89429
184 184 0
185 185 -0.006844322045588705
186 186 5609827.319719974
187 187 -11574225382.43392
188 188 5954321.433257986
189 189 -11584635081.14263
190 190 -4602413.806358629
191 191 -205497309.9704089
192 192 0
193 193 2.277258243088554e-14
194 194 0
195 195 -6.071532165918825e-18
196 196 0
197 197 3.64592253956908e-14
198 198 0
199 199 -1.115644035487584e-16
200 200 0
201 201 6.652454195149593e-13
202 202 0
203 203 1.726483539465917e-15
204 204 -3697559.032212229
205 205 10430979518.88689
206 206 0
207 207 6.27384429130462e-15
208 208 0
209 209 1.385583271382163e-14
210 210 0
211 211 3.735076484212563e-17
212 212 0
213 213 2.374088339113234e-14
214 214 0
215 215 1.268408121590792e-15
216 216 0
217 217 -0.006927732237164822
218 218 -3479182.896512142
219 219 9803518231.765894
220 220 0
221 221 3.943090157772916e-14
222 222 0
223 223 4.214835945537398e-18
224 224 0
225 225 1.162806829990704e-17
226 226 0
227 227 2.988332237913172e-17
228 228 0
229 229 3.528527838837781e-14
230 230 0
231 231 3.252606517456513e-19
232 232 0
233 233 -8.742735268379986e-17
234 234 0
235 235 1.220605647805906e-14
236 236 -2705190.954393561
237 237 7326412216.605403
238 238 0
239 239 4.322171960613463e-14
240 240 -2969971.058585278
241 241 8047155911.905005
242 242 0
243 243 1.794408805572134e-14
244 244 0
245 245 2.655471328938397e-14
246 246 0
247 247 1.441988889405721e-17
248 248 0
249 249 -3.661892837569791e-17
250 250 0
251 251 -6.152847328855238e-17
252 252 0
253 253 -6.022743068156977e-17
254 254 0
255 255 4.379656359798645e-14
256 256 0
257 257 8.790624478338671e-14
258 258 0
259 259 4.419208055050916e-16
260 260 0
261 261 -1.491862189340054e-16
262 262 0
263 263 -4.705166378043968e-16
264 264 0
265 265 -3.107323426343456e-16
266 266 5.276850869448696e-07
267 267 -0.01218674470137718
268 268 -3514822.656315937
269 269 9318275019.564161
270 270 -3535719.852210673
271 271 9595966167.044239
272 272 0
273 273 3.063949918433173e-14
274 274 0
275 275 -1.096692181512537e-14
276 276 0
277 277 6.23943171434993e-14
278 278 0
279 279 -2.222614453595284e-18
280 280 0
281 281 4.400746802558919e-14
282 282 0
283 283 4.553113799616454e-14
284 284 0
285 285 -6.700369425960417e-17
286 286 0
287 287 -1.72930246511438e-17
288 288 0
289 289 -4.693240154146627e-17
290 290 0
291 291 1.261084335915652e-14
292 292 0
293 293 1.308844796866354e-14
294 294 0
295 295 -2.38524477946811e-17
296 296 -246398.0954964228
297 297 129594226.839728
298 298 -8995460.006862441
299 299 7938041253.787157
300 300 0
301 301 -5.767955557622884e-17
302 302 0
303 303 -7.37257477290143e-18
304 304 0
305 305 -3.377289767292346e-17
306 306 0
307 307 2.157562323246154e-17
308 308 0
309 309 -1.517883041479706e-16
310 310 -5607978.090457304
311 311 5715746394.245101
312 312 -54038.65445279504
313 313 -3074889.419926748
314 314 0
315 315 -3.018418848199644e-17
316 316 0
317 317 -2.011411870395108e-16
318 318 0
319 319 4.852802314926261e-15
320 320 0
321 321 -2.222614453595284e-17
322 322 0
323 323 9.107298248878237e-18
324 324 0
325 325 -1.279358563532895e-17
326 326 0
327 327 -8.023096076392733e-18
328 328 0
329 329 8.371992335498568e-15
330 330 0
331 331 6.118071544172765e-14
332 332 0
333 333 -8.023963438130721e-15
334 334 0
335 335 -2.309350627394124e-17
336 336 0
337 337 -4.227304270520982e-17
338 338 0
339 339 -1.013729031273947e-17
340 340 0
341 341 -1.951563910473908e-18
342 342 0
343 343 -3.50414142147315e-16
344 344 0
345 345 6.763253151964577e-16
346 346 0
347 347 -4.705437428587089e-17
348 348 0
349 349 -9.210704031079042e-15
350 350 -124189.9263354903
351 351 -7464103.81826216
352 352 17774212.94347916
353 353 -22149616591.54269
354 354 455427.0847244367
355 355 -707427417.4188269
356 356 -149559.2165052654
357 357 157268841.6765787
358 358 0
359 359 -7.012619651636242e-17
360 360 0
361 361 -4.187188790139018e-17
362 362 0
363 363 1.577297320531912e-16
364 364 0
365 365 8.432924497592253e-16
366 366 0
367 367 1.461808189822051e-15
368 368 -61848.92925126044
369 369 167590444.2850269
370 370 0
371 371 4.77048955893622e-18
372 372 0
373 373 7.15269857232137e-15
374 374 0
375 375 -5.334274688628682e-17
376 376 0
377 377 2.236925922272093e-15
378 378 0
379 379 9.324138683375338e-18
380 380 0
381 381 4.612846563056827e-15
382 382 0
383 383 -1.973247953923618e-16
384 384 0
385 385 -5.167307554065914e-16
386 386 -170075.6687958098
387 387 460120106.496056
388 388 0
389 389 2.360308129500943e-15
390 390 1170.826614015296
391 391 -3637648.218739887
392 392 0
393 393 2.680348347786077e-14
394 394 0
395 395 9.937797113002134e-16
396 396 -2400709.168272335
397 397 6634519165.016361
398 398 0
399 399 2.056615511572546e-14
400 400 0
401 401 3.939990694812323e-17
402 402 0
403 403 5.838428698834441e-17
404 404 0
405 405 -4.065758146820642e-18
406 406 0
407 407 -1.615461237003402e-17
408 408 0
409 409 1.698782173958913e-14
410 410 0
411 411 -1.170938346284345e-17
412 412 0
413 413 4.201066577946833e-15
414 414 0
415 415 8.079474589361979e-16
416 416 0
417 417 -4.705437428587089e-16
418 418 0
419 419 6.377277178559737e-16
420 420 0
421 421 1.716010146479707e-14
422 422 0
423 423 1.88109076926235e-16
424 424 0
425 425 9.07829584076425e-15
426 426 0
427 427 2.332552553885314e-15
428 428 -175626.5777787236
429 429 637541890.2180301
430 430 0
431 431 -8.998878031629687e-18
432 432 0
433 433 -8.456776945386939e-19
434 434 0
435 435 1.24683249835833e-17
436 436 0
437 437 3.640859315423572e-15
438 438 0
439 439 3.36059305383607e-15
440 440 0
441 441 8.998878031629687e-18
442 442 0
443 443 2.771220752872949e-16
444 444 0
445 445 4.050579316405844e-17
446 446 0
447 447 -4.250072516143177e-17
448 448 2024.49197249073
449 449 -9094202.691971229
450 450 0
451 451 2.261537311587514e-14
452 452 -43813.67870695435
453 453 111357184.188958
454 454 -3.693588116268517e-08
455 455 0.0001667316069957041
456 456 0
457 457 4.003351469772376e-14
458 458 0
459 459 5.53708554701382e-14
460 460 0
461 461 -6.612765890423589e-15
462 462 -102570.7092333289
463 463 274650561.9408424
464 464 -351321.303302665
465 465 857170441.9913447
466 466 0
467 467 1.946355403237288e-14
468 468 0
469 469 1.880792613664917e-14
470 470 0
471 471 -3.577867169202165e-18
472 472 0
473 473 9.161508357502512e-18
474 474 0
475 475 6.982261990806649e-18
476 476 0
477 477 -4.721700461174372e-17
478 478 0
479 479 5.603265247622335e-15
480 480 0
481 481 5.331347342762971e-15
482 482 0
483 483 -1.604619215278547e-17
484 484 0
485 485 1.091921691953601e-14
486 486 0
487 487 3.336090084737897e-16
488 488 0
489 489 1.326499673992565e-14
490 490 0
491 491 8.239936510889834e-18
492 492 0
493 493 5.238322796363715e-16
494 494 0
495 495 5.451368523257116e-16
496 496 0
497 497 6.346702677295646e-15
498 498 0
499 499 -3.37403716077489e-16
500 500 0
501 501 3.195604588238088e-15
502 502 0
503 503 5.146057191485198e-15
504 504 0
505 505 2.186103945436835e-15
506 506 0
507 507 -1.927711462679227e-16
508 508 0
509 509 0
510 510 0
511 511 -0.001416392325033808
512 512 0
513 513 -0.001062294243773129
514 514 0
515 515 -0.002294555567947196
516 516 0
517 517 -0.001416392325020282
518 518 0
519 519 -0.001416392325052916
520 520 0
521 521 0
522 522 0
523 523 -0.001416392325014196
524 524 0
525 525 -0.001416392325031539
526 526 0
527 527 -0.001416392325029097
528 528 0
529 529 -0.001416392324988303
530 530 0
531 531 0
532 532 0
533 533 0
534 534 0
535 535 -0.0007081961625124977
536 536 0
537 537 -0.0006688519312574423
538 538 3.200455062139789e-07
539 539 1.600227400972831e-06
540 540 0
541 541 -0.001573769250004793
542 542 0
543 543 -0.00118032693750384
544 544 0
545 545 -0.001573769250013644
546 546 0
547 547 -0.0007868846250133728
548 548 0
549 549 -0.0007081961625313052
550 550 0
551 551 -0.000629507700005332
552 552 0
553 553 -0.001573769250003566
554 554 0
555 555 -0.001573769250011683
556 556 0
557 557 -0.001573769250038274
558 558 0
559 559 -0.0007868846250190424
560 560 0
561 561 -0.0007868846250055296
562 562 0
563 563 -0.0007081961625443225
564 564 0
565 565 -0.0007081961625128281
566 566 0
567 567 -0.0006295077000018047
568 568 0
569 569 -0.0006295077000051952
570 570 0
571 571 -0.001573769250004165
572 572 0
573 573 -0.001573769250002952
574 574 0
575 575 -0.001573769250014173
576 576 0
577 577 -0.001573769250010385
578 578 2.041464250102638e-07
579 579 -0.002185710062665383
580 580 0
581 581 -0.001573769250024046
582 582 0
583 583 -0.0007868846250197292
584 584 0
585 585 -0.0007868846250185036
586 586 0
587 587 -0.0007868846250064961
588 588 0
589 589 -0.0007868846250043235
590 590 0
591 591 -0.0007081961625424492
592 592 0
593 593 -0.0007081961625454445
594 594 0
595 595 -0.0007081961625119105
596 596 0
597 597 -0.0007081961625131525
