1
2
598
10 0
10 0
11 0
11 0
10.5 0
10.5 0
11.5 0
11.5 0
4.80129 0.00129195
4.80129 0.00129195
5.475 5.85
5.475 5.85
5.25 3.9
5.25 3.9
5.025 1.95
5.025 1.95
5.5875 6.825
5.5875 6.825
5.025 2.925
5.025 2.925
5.02629 0.976292
5.02629 0.976292
5.5875 6.3375
5.5875 6.3375
5.7 7.3125
5.7 7.3125
5.475 4.875
5.475 4.875
4.20065 0.000645976
4.20065 0.000645976
5.40194 0.00193793
5.40194 0.00193793
5.2125 5.85
5.2125 5.85
5.7375 5.85
5.7375 5.85
4.875 3.9
4.875 3.9
5.625 3.9
5.625 3.9
4.5375 1.95
4.5375 1.95
5.5125 1.95
5.5125 1.95
5.38125 6.825
5.38125 6.825
5.79375 6.825
5.79375 6.825
5.5125 3.4125
5.5125 3.4125
4.5375 2.4375
4.5375 2.4375
4.53815 1.46315
4.53815 1.46315
5.51444 0.489438
5.51444 0.489438
5.38125 6.58125
5.38125 6.58125
5.79375 6.09375
5.79375 6.09375
5.85 7.06875
5.85 7.06875
5.55 7.55625
5.55 7.55625
5.2125 5.3625
5.2125 5.3625
5.7375 4.3875
5.7375 4.3875
5.025 2.4375
5.025 2.4375
5.5125 2.4375
5.5125 2.4375
5.5125 2.925
5.5125 2.925
5.1375 3.4125
5.1375 3.4125
4.7625 3.4125
4.7625 3.4125
4.65 2.925
4.65 2.925
5.51379 0.976292
5.51379 0.976292
5.51315 1.46315
5.51315 1.46315
5.02565 1.46315
5.02565 1.46315
4.42565 0.975646
4.42565 0.975646
4.31315 0.488146
4.31315 0.488146
4.91379 0.488792
4.91379 0.488792
5.79375 6.3375
5.79375 6.3375
5.79375 6.58125
5.79375 6.58125
5.5875 6.58125
5.5875 6.58125
5.325 6.3375
5.325 6.3375
5.26875 6.09375
5.26875 6.09375
5.53125 6.09375
5.53125 6.09375
5.49375 7.3125
5.49375 7.3125
5.4375 7.06875
5.4375 7.06875
5.64375 7.06875
5.64375 7.06875
5.85 7.3125
5.85 7.3125
5.85 7.55625
5.85 7.55625
5.7 7.55625
5.7 7.55625
5.7375 4.875
5.7375 4.875
5.7375 5.3625
5.7375 5.3625
5.475 5.3625
5.475 5.3625
5.1 4.875
5.1 4.875
4.9875 4.3875
4.9875 4.3875
5.3625 4.3875
5.3625 4.3875
3.6 0
3.6 0
4.5 3.9
4.5 3.9
4.95 5.85
4.95 5.85
4.05 1.95
4.05 1.95
1.8 0
1.8 0
5.175 6.825
5.175 6.825
4.725 4.875
4.725 4.875
4.275 2.925
4.275 2.925
3.825 0.975
3.825 0.975
0.9 0
0.9 0
2.7 0
2.7 0
4.5 5.85
4.5 5.85
3.6 3.89808
3.6 3.89808
2.7 1.95
2.7 1.95
2.925 0.975
2.925 0.975
4.275 4.875
4.275 4.875
3.375 2.92308
3.375 2.92308
1.575 0.975
1.575 0.975
5.2875 7.3125
5.2875 7.3125
5.0625 6.3375
5.0625 6.3375
4.95 6.825
4.95 6.825
4.8375 6.3375
4.8375 6.3375
4.8375 5.3625
4.8375 5.3625
4.6125 4.3875
4.6125 4.3875
4.3875 3.4125
4.3875 3.4125
4.1625 2.4375
4.1625 2.4375
3.9375 1.4625
3.9375 1.4625
3.7125 0.4875
3.7125 0.4875
0.45 0
0.45 0
1.35 0
1.35 0
2.25 0
2.25 0
3.15 0
3.15 0
4.275 5.85
4.275 5.85
4.725 5.85
4.725 5.85
3.15 3.89712
3.15 3.89712
4.05 3.89904
4.05 3.89904
2.025 1.95
2.025 1.95
3.375 1.95
3.375 1.95
2.3625 0.4875
2.3625 0.4875
3.4875 1.4625
3.4875 1.4625
4.1625 5.3625
4.1625 5.3625
4.3875 4.3875
4.3875 4.3875
3.0375 3.40962
3.0375 3.40962
3.7125 2.43654
3.7125 2.43654
1.4625 1.4625
1.4625 1.4625
1.6875 0.4875
1.6875 0.4875
5.34375 7.55625
5.34375 7.55625
5.23125 7.06875
5.23125 7.06875
5.11875 6.58125
5.11875 6.58125
5.00625 6.09375
5.00625 6.09375
4.8375 6.825
4.8375 6.825
5.0625 6.825
5.0625 6.825
4.89375 6.09375
4.89375 6.09375
4.78125 6.58125
4.78125 6.58125
3.2625 0.4875
3.2625 0.4875
3.375 0.975
3.375 0.975
2.8125 0.4875
2.8125 0.4875
3.825 4.87404
3.825 4.87404
3.4875 4.38558
3.4875 4.38558
3.9375 4.38654
3.9375 4.38654
4.6125 5.3625
4.6125 5.3625
4.3875 5.3625
4.3875 5.3625
4.5 4.875
4.5 4.875
2.7 2.92308
2.7 2.92308
2.3625 2.43654
2.3625 2.43654
3.0375 2.43654
3.0375 2.43654
3.9375 3.41154
3.9375 3.41154
3.4875 3.41058
3.4875 3.41058
3.825 2.92404
3.825 2.92404
1.125 0.975
1.125 0.975
0.7875 0.4875
0.7875 0.4875
1.2375 0.4875
1.2375 0.4875
2.8125 1.4625
2.8125 1.4625
2.1375 1.4625
2.1375 1.4625
2.25 0.975
2.25 0.975
5.11875 7.06875
5.11875 7.06875
5.175 7.3125
5.175 7.3125
5.00625 7.06875
5.00625 7.06875
4.95 6.3375
4.95 6.3375
5.00625 6.58125
5.00625 6.58125
4.89375 6.58125
4.89375 6.58125
4.6125 6.3375
4.6125 6.3375
4.44375 6.09375
4.44375 6.09375
4.66875 6.09375
4.66875 6.09375
6.00258 0.0025839
6.00258 0.0025839
8 0
8 0
6 3.9
6 3.9
6 5.85
6 5.85
6 1.95
6 1.95
6 6.825
6 6.825
8.36796 1.95
8.36796 1.95
7.00129 0.00129195
7.00129 0.00129195
9 0
9 0
6 4.875
6 4.875
6 2.925
6 2.925
6.00129 0.976292
6.00129 0.976292
6.75 5.85
6.75 5.85
6.75 4.875
6.75 4.875
7.5 3.9
7.5 3.9
7.5 2.925
7.5 2.925
9.25 0.975
9.25 0.975
10.25 0.975
10.25 0.975
7 0.975
7 0.975
6 7.3125
6 7.3125
6 6.3375
6 6.3375
6.375 6.825
6.375 6.825
6.375 6.3375
6.375 6.3375
7.18398 1.95
7.18398 1.95
9.43398 1.95
9.43398 1.95
8.68398 2.925
8.68398 2.925
8.18398 0.975
8.18398 0.975
6.50194 0.00193793
6.50194 0.00193793
7.50065 0.000645976
7.50065 0.000645976
8.5 0
8.5 0
9.5 0
9.5 0
6 5.3625
6 5.3625
6 4.3875
6 4.3875
6 3.4125
6 3.4125
6 2.4375
6 2.4375
6.00065 1.46315
6.00065 1.46315
6.00194 0.489438
6.00194 0.489438
6.375 5.85
6.375 5.85
7.125 5.85
7.125 5.85
6.375 4.3875
6.375 4.3875
7.125 5.3625
7.125 5.3625
6.75 3.9
6.75 3.9
8.25 3.9
8.25 3.9
6.75 2.4375
6.75 2.4375
8.25 3.4125
8.25 3.4125
8.625 0.4875
8.625 0.4875
9.875 1.4625
9.875 1.4625
10.125 0.4875
10.125 0.4875
10.375 1.4625
10.375 1.4625
6.5 1.4625
6.5 1.4625
7.5 0.4875
7.5 0.4875
6 7.55625
6 7.55625
6 7.06875
6 7.06875
6 6.58125
6 6.58125
6 6.09375
6 6.09375
6.1875 6.825
6.1875 6.825
6.5625 6.825
6.5625 6.825
6.1875 6.09375
6.1875 6.09375
6.5625 6.58125
6.5625 6.58125
6.59199 1.95
6.59199 1.95
7.77597 1.95
7.77597 1.95
8.90097 1.95
8.90097 1.95
9.96699 1.95
9.96699 1.95
8.52597 2.4375
8.52597 2.4375
8.84199 3.4125
8.84199 3.4125
8.27597 1.4625
8.27597 1.4625
8.09199 0.4875
8.09199 0.4875
6.375 4.875
6.375 4.875
6.75 5.3625
6.75 5.3625
6.375 5.3625
6.375 5.3625
7.875 4.3875
7.875 4.3875
7.5 4.875
7.5 4.875
7.125 4.3875
7.125 4.3875
6.75 2.925
6.75 2.925
7.5 3.4125
7.5 3.4125
6.75 3.4125
6.75 3.4125
9.625 0.4875
9.625 0.4875
9.75 0.975
9.75 0.975
9.125 0.4875
9.125 0.4875
11.125 0.4875
11.125 0.4875
10.75 0.975
10.75 0.975
10.625 0.4875
10.625 0.4875
6.50065 0.975646
6.50065 0.975646
6.50129 0.488792
6.50129 0.488792
7.00065 0.488146
7.00065 0.488146
6.375 7.06875
6.375 7.06875
6.1875 7.3125
6.1875 7.3125
6.1875 7.06875
6.1875 7.06875
6.1875 6.3375
6.1875 6.3375
6.375 6.58125
6.375 6.58125
6.1875 6.58125
6.1875 6.58125
6.9375 6.09375
6.9375 6.09375
6.75 6.3375
6.75 6.3375
6.5625 6.09375
6.5625 6.09375
9.21699 2.925
9.21699 2.925
9.05898 2.4375
9.05898 2.4375
9.59199 2.4375
9.59199 2.4375
8.09199 2.925
8.09199 2.925
7.34199 2.4375
7.34199 2.4375
7.93398 2.4375
7.93398 2.4375
7.59199 0.975
7.59199 0.975
7.68398 1.4625
7.68398 1.4625
7.09199 1.4625
7.09199 1.4625
8.71699 0.975
8.71699 0.975
9.34199 1.4625
9.34199 1.4625
8.80898 1.4625
8.80898 1.4625
0 0
0 0
2.7 3.89616
2.7 3.89616
4.05 5.85
4.05 5.85
1.35 1.95
1.35 1.95
3.375 4.87308
3.375 4.87308
2.025 2.92308
2.025 2.92308
0.675 0.975
0.675 0.975
3.7125 5.36154
3.7125 5.36154
3.0375 4.38462
3.0375 4.38462
2.3625 3.40962
2.3625 3.40962
1.6875 2.43654
1.6875 2.43654
1.0125 1.4625
1.0125 1.4625
0.3375 0.4875
0.3375 0.4875
6 7.8
6 7.8
5.4 7.8
5.4 7.8
12 0
12 0
9 3.9
9 3.9
7.5 5.85
7.5 5.85
10.5 1.95
10.5 1.95
6.75 6.825
6.75 6.825
4.725 6.825
4.725 6.825
5.7 7.8
5.7 7.8
8.25 4.875
8.25 4.875
9.75 2.925
9.75 2.925
11.25 0.975
11.25 0.975
6.375 7.3125
6.375 7.3125
7.125 6.3375
7.125 6.3375
5.0625 7.3125
5.0625 7.3125
4.3875 6.3375
4.3875 6.3375
5.85 7.8
5.85 7.8
5.55 7.8
5.55 7.8
8.625 4.3875
8.625 4.3875
7.875 5.3625
7.875 5.3625
10.125 2.4375
10.125 2.4375
9.375 3.4125
9.375 3.4125
11.625 0.4875
11.625 0.4875
10.875 1.4625
10.875 1.4625
6.5625 7.06875
6.5625 7.06875
6.1875 7.55625
6.1875 7.55625
7.3125 6.09375
7.3125 6.09375
6.9375 6.58125
6.9375 6.58125
5.23125 7.55625
5.23125 7.55625
4.89375 7.06875
4.89375 7.06875
4.55625 6.58125
4.55625 6.58125
4.21875 6.09375
4.21875 6.09375
1
0 0 0
1 1 0
2 2 0
3 3 0
4 4 0
5 5 0
6 6 0
7 7 0
8 8 -1862436512054.192
9 9 1.816812347502917e-08
10 10 -2946740198542.092
11 11 -7.27936303874308e-12
12 12 -1597448806785.847
13 13 -9.425918392950423e-13
14 14 -1727897336176.885
15 15 1.694316984777408e-11
16 16 -5067321264757.632
17 17 -8.072851441286727e-12
18 18 -1595501788278.395
19 19 4.691788846604264e-12
20 20 -1830831525606.993
21 21 7.849624723914386e-11
22 22 -3915946782322.176
23 23 -8.121054425480946e-12
24 24 -6481406954300.671
25 25 -7.65599540515666e-12
26 26 -1969530214471.007
27 27 -4.815715655613578e-12
28 28 -1800915209055.353
29 29 1.855325580826421e-08
30 30 -1866443361410.634
31 31 1.809004865861039e-08
32 32 -2722695420678.648
33 33 -7.38534749348679e-12
34 34 -3138768965725.924
35 35 -7.252849840009215e-12
36 36 -1464146495012.117
37 37 9.159002637516914e-13
38 38 -1701987085521.987
39 39 -2.626620732551548e-12
40 40 -1687393197318.663
41 41 2.07826741650339e-11
42 42 -1730037685334.936
43 43 1.348960468767267e-11
44 44 -4983232341952.636
45 45 -8.384506282842199e-12
46 46 -5158233281786.705
47 47 -7.828577830768712e-12
48 48 -1636671802916.094
49 49 -7.627007330225917e-13
50 50 -1600086346259.774
51 51 1.283032360351841e-11
52 52 -1755063911939.058
53 53 3.711004456541924e-11
54 54 -1849184017015.278
55 55 3.30933036792543e-10
56 56 -4351229487527.13
57 57 -8.529814351147215e-12
58 58 -3577565244590.622
59 59 -7.720847566246847e-12
60 60 -5824325954101.035
61 61 -7.661919241802253e-12
62 62 -7226807101715.924
63 63 -7.569950627283783e-12
64 64 -2129735704396.236
65 65 -5.819788477361323e-12
66 66 -1863980543727.956
67 67 -4.358357509204376e-12
68 68 -1661303080680.084
69 69 9.386934385218721e-12
70 70 -1681549233243.727
71 71 6.105375404372786e-12
72 72 -1645517558374.746
73 73 1.969804757598962e-12
74 74 -1568645906019.477
75 75 1.393227571668461e-12
76 76 -1473562019071.341
77 77 3.467027216325775e-12
78 78 -1527278359628.04
79 79 7.326051714624189e-12
80 80 -1821585101246.251
81 81 7.686800590838578e-11
82 82 -1779977043009.265
83 83 3.015332714744175e-11
84 84 -1786354677894.146
85 85 3.350991941045429e-11
86 86 -1791306960994.046
87 87 8.187766207441471e-11
88 88 -1806080915416.25
89 89 3.215826107000778e-10
90 90 -1856366225604.348
91 91 3.351056848954731e-10
92 92 -4041831968383.834
93 93 -7.860567877867722e-12
94 94 -4569469829187.052
95 95 -7.900829481118903e-12
96 96 -4460063200776.427
97 97 -8.148661821434392e-12
98 98 -3746594456200.319
99 99 -8.555366030899225e-12
100 100 -3199575738444.97
101 101 -8.349589357199274e-12
102 102 -3399473118305.744
103 103 -7.947099360386991e-12
104 104 -6435120952844.739
105 105 -7.823510217944889e-12
106 106 -5688016304640.774
107 107 -8.113335277799281e-12
108 108 -5751030703776.613
109 109 -7.86178240879348e-12
110 110 -6522513290029.4
111 111 -7.511751462249509e-12
112 112 -7280535552955.313
113 113 -7.400281664376843e-12
114 114 -7250964786708.595
115 115 -7.488929353416927e-12
116 116 -2111137601878.1
117 117 -5.615411244461462e-12
118 118 -2517134663902.47
119 119 -6.66483207293818e-12
120 120 -2338872488977.958
121 121 -6.325988660167633e-12
122 122 -1726434377852.558
123 123 -3.668220717455299e-12
124 124 -1530413619162.503
125 125 -1.498757574693096e-12
126 126 -1714813325361.414
127 127 -3.117737465954051e-12
128 128 -1682931124869.069
129 129 2.95385945933955e-08
130 130 -1299396323065.956
131 131 2.809859747647411e-12
132 132 -2447166904008.844
133 133 -7.458426348486186e-12
134 134 -1609433035997.039
135 135 2.67133919519106e-11
136 136 -1004595963282.483
137 137 1.388505017707612e-08
138 138 -4907933639145.895
139 139 -8.770598123606103e-12
140 140 -1425158847405.245
141 141 -2.039028465159047e-12
142 142 -1430724959769.518
143 143 9.499980226891854e-12
144 144 -1697794256312.809
145 145 1.022891027335571e-10
146 146 -476230985371.7152
147 147 1.537331844935354e-08
148 148 -1407298132594.776
149 149 1.842478769460987e-08
150 150 -1730021701216.753
151 151 -8.590091834295071e-12
152 152 -763812851603.6371
153 153 7.68028588840206e-12
154 154 -1120380772779.073
155 155 5.082231481500067e-11
156 156 -1444211536840.169
157 157 1.25275621796616e-10
158 158 -981159451088.8444
159 159 1.609095117819576e-12
160 160 -1070659032790.471
161 161 1.716487824243851e-11
162 162 -791537821291.4545
163 163 2.854559807214011e-10
164 164 -6404747085206.238
165 165 -8.052972061592186e-12
166 166 -3564124294300.598
167 167 -9.196009222361701e-12
168 168 -4844831543908.298
169 169 -9.301683968763909e-12
170 170 -3398811341062.995
171 171 -1.037389810415366e-11
172 172 -1752644102132.241
173 173 -4.966752378601153e-12
174 174 -1306614825787.296
175 175 3.279862400041892e-13
176 176 -1348529292096.768
177 177 5.481361190895343e-12
178 178 -1522773801756.885
179 179 1.560736803276223e-11
180 180 -1666112723010.644
181 181 4.738322238741768e-11
182 182 -1702291837676.229
183 183 3.881908207756778e-10
184 184 -177121009109.2133
185 185 6.538385488478212e-08
186 186 -754697045821.5991
187 187 1.724854210642616e-08
188 188 -1221671123434.41
189 189 1.828538316871284e-08
190 190 -1561035138795.062
191 191 1.857283760897997e-08
192 192 -1103543892734.347
193 193 -1.02558563623455e-11
194 194 -2143657577952.266
195 195 -7.915630031416345e-12
196 196 -416819251311.622
197 197 9.840926691196293e-12
198 198 -1055439209880.116
199 199 5.219746388634475e-12
200 200 -682630616003.7391
201 201 7.664039427062804e-11
202 202 -1414520607836.864
203 203 3.579926069437361e-11
204 204 -1262424424633.924
205 205 4.681226438690478e-10
206 206 -1554980281398.693
207 207 5.426294153964388e-11
208 208 -726685267921.801
209 209 2.693166586897319e-12
210 210 -1153006309052.047
211 211 2.018610721029947e-12
212 212 -611903702331.1692
213 213 1.435867341979529e-11
214 214 -1392355472134.514
215 215 2.08362184585099e-11
216 216 -492427961339.1675
217 217 1.833610054946523e-10
218 218 -932968673065.5029
219 219 5.640476666740278e-10
220 220 -7208251035281.489
221 221 -7.702114724289142e-12
222 222 -5638742245833.254
223 223 -8.418386611404914e-12
224 224 -4215451687854.211
225 225 -9.057242023084292e-12
226 226 -2966719655166.022
227 227 -8.944774290987379e-12
228 228 -4822663881162.048
229 229 -9.615321363752274e-12
230 230 -4873762456400.113
231 231 -9.01891612949846e-12
232 232 -2853424993977.776
233 233 -9.571052437725875e-12
234 234 -4060634562717.501
235 235 -1.044595302463882e-11
236 236 -1587003356799.693
237 237 3.859710624927714e-10
238 238 -1586989297582.912
239 239 1.03825908630589e-10
240 240 -1440723764240.35
241 241 4.177210164908795e-10
242 242 -488281790892.3305
243 243 4.559525481378826e-12
244 244 -425003176301.2953
245 245 6.620432693149639e-12
246 246 -808421677795.5978
247 247 4.42393913922812e-12
248 248 -1464593200211.025
249 249 -3.910155207363349e-12
250 250 -1121447659076.523
251 251 -1.977854266818751e-12
252 252 -1213069838580.21
253 253 -4.889535089736709e-13
254 254 -639159064393.6675
255 255 2.336138062748935e-11
256 256 -666162913975.6257
257 257 4.044833451160172e-11
258 258 -1102657869898.852
259 259 2.861236858192349e-11
260 260 -1158644419530.228
261 261 8.48078278405623e-12
262 262 -916439134188.5065
263 263 1.132860359796697e-11
264 264 -1276666272344.868
265 265 1.320708681548478e-11
266 266 -463878654546.1365
267 267 4.949926218908945e-10
268 268 -377184432317.0685
269 269 1.823783716964904e-09
270 270 -673307015832.2432
271 271 8.690361860692543e-10
272 272 -1319903645818.791
273 273 7.192203758258513e-11
274 274 -984207238130.9436
275 275 1.100330729882834e-10
276 276 -1164515410612.643
277 277 1.699952128060692e-10
278 278 -5619412759626.974
279 279 -8.600470232047571e-12
280 280 -6396668998835.775
281 281 -8.169826865364729e-12
282 282 -5606659973258.649
283 283 -8.800886598092921e-12
284 284 -3482477474475.296
285 285 -9.696405594398471e-12
286 286 -4160488768091.561
287 287 -9.453195562965567e-12
288 288 -4108349504447.002
289 289 -9.858574847150621e-12
290 290 -3231975654191.64
291 291 -1.179535202781955e-11
292 292 -2293734796874.912
293 293 -1.387169201806687e-11
294 294 -2596952960408.33
295 295 -1.098795949708348e-11
296 296 -1811450144012.273
297 297 1.969213198161896e-08
298 298 -1207945709407.818
299 299 1.107445135056899e-08
300 300 -1782249218700.799
301 301 -4.558063048537242e-12
302 302 -3311923440055.242
303 303 -7.318569061727253e-12
304 304 -1693742990511.026
305 305 9.864203917765754e-12
306 306 -5255865198306.208
307 307 -7.633481455589261e-12
308 308 -1069755989449.464
309 309 -2.273796782769613e-11
310 310 -1588891265657.961
311 311 1.88906533707279e-08
312 312 -664170601610.4733
313 313 2.080832751318552e-08
314 314 -2234775345236.378
315 315 -6.352768922203993e-12
316 316 -1656363286715.272
317 317 -1.079752935154018e-12
318 318 -1774090514732.275
319 319 7.433328071954928e-11
320 320 -3741518925033.665
321 321 -7.645956446837997e-12
322 322 -2528645496930.302
323 323 -8.083515148911808e-12
324 324 -1946528281536.517
325 325 -1.069043917201809e-11
326 326 -1504953721894.523
327 327 -1.016586901731555e-11
328 328 -530405370500.2622
329 329 -7.275558739202952e-11
330 330 -75776583540.14713
331 331 -3.446449108138961e-10
332 332 -1555167844775.193
333 333 6.188128195618149e-11
334 334 -6568513667711.642
335 335 -7.382491682218397e-12
336 336 -4163297351875.125
337 337 -7.706974788439256e-12
338 338 -5438191128290.565
339 339 -7.386852129615365e-12
340 340 -4379252789758.77
341 341 -7.557836564003514e-12
342 342 -1458581306031.613
343 343 -1.329357511401895e-12
344 344 -666192940755.1433
345 345 -5.269783637568738e-11
346 346 -1319231706273.708
347 347 -2.442710362435604e-11
348 348 -1089208216959.096
349 349 1.470455702912314e-11
350 350 -1720523976815.074
351 351 1.882692852877356e-08
352 352 -1417590516907.628
353 353 1.890682440291693e-08
354 354 -954688334844.5448
355 355 1.899999990472406e-08
356 356 -340113316992.2841
357 357 2.688516381586921e-08
358 358 -2673193542073.221
359 359 -7.089610553503355e-12
360 360 -1950668273233.795
361 361 -5.491868169909686e-12
362 362 -1689281752465.527
363 363 -3.211050465068492e-12
364 364 -1663308009870.863
365 365 2.548660625605035e-12
366 366 -1735527430828.445
367 367 2.68374873125145e-11
368 368 -1801445544449.054
369 369 3.580804807158776e-10
370 370 -3528793610718.667
371 371 -7.406483393445956e-12
372 372 -3962705769637.523
373 373 -7.992211559725053e-12
374 374 -2055297934062.904
375 375 -6.832134186534964e-12
376 376 -3238030562448.832
377 377 -8.590207693964401e-12
378 378 -1880057677405.813
379 379 -7.251070302936354e-12
380 380 -2035538290441.877
381 381 -1.499580096034648e-11
382 382 -1568430798032.803
383 383 -1.919981233637542e-12
384 384 -1652518212485.849
385 385 -1.588834880581809e-11
386 386 -879226357083.7394
387 387 2.820718565666023e-10
388 388 -336233622394.0383
389 389 -1.040695412556715e-10
390 390 -4309836217.036037
391 391 -2.178391581998761e-09
392 392 -216144710832.8289
393 393 -1.519991221200596e-10
394 394 -1650650637569.778
395 395 2.209749679498717e-11
396 396 -1408364158699.376
397 397 3.360009398772385e-10
398 398 -7313629347159.905
399 399 -7.273673132435548e-12
400 400 -5882787315508.021
401 401 -7.498324502681675e-12
402 402 -4679497305137.85
403 403 -7.720364117722006e-12
404 404 -3707076451087.874
405 405 -7.607677984373116e-12
406 406 -5343907137718.522
407 407 -7.503529946457397e-12
408 408 -5538741413546.285
409 409 -7.296126459698122e-12
410 410 -3818783141820.595
411 411 -7.578188920464433e-12
412 412 -4989404807830.387
413 413 -7.41126490884892e-12
414 414 -1601242312303.438
415 415 4.93151835379598e-12
416 416 -1274647175890.945
417 417 -1.019858373203026e-11
418 418 -857828396525.4272
419 419 -3.423240526270592e-11
420 420 -527716892234.9108
421 421 -7.570390289552262e-11
422 422 -1130066662067.603
423 423 -2.400407811237099e-11
424 424 -1670831043987.399
425 425 -2.298984333574468e-11
426 426 -1050176954678.669
427 427 -1.632554913154909e-11
428 428 -1150041645831.239
429 429 1.944584443391671e-10
430 430 -2389367792657.626
431 431 -7.019646792273826e-12
432 432 -3053716431098.497
433 433 -7.882105215530477e-12
434 434 -2870353453456.615
435 435 -7.39087836070798e-12
436 436 -2419621337559.58
437 437 -1.196505851225205e-11
438 438 -2814137968399.63
439 439 -9.807261652096554e-12
440 440 -2230803654749.233
441 441 -8.981073998558154e-12
442 442 -1608807878472.421
443 443 -5.357179733221479e-12
444 444 -1679104849377.054
445 445 -1.106449205319255e-11
446 446 -1706458157882.472
447 447 -6.743252729365438e-12
448 448 -273491080615.4398
449 449 -4.789876905089731e-10
450 450 -265562893716.5468
451 451 -1.833730991928857e-10
452 452 -585542373803.9229
453 453 6.961427299321922e-11
454 454 -3605200888.420554
455 455 -4.10058052235781e-10
456 456 -55782516157.3576
457 457 -2.200914425748683e-10
458 458 -2397926261.60786
459 459 -3.168789211805826e-10
460 460 -1684837930074.983
461 461 6.894609855148089e-11
462 462 -1710901756469.32
463 463 3.44841126382789e-10
464 464 -1579598009933.383
465 465 3.335168587499734e-10
466 466 -6045446485118.499
467 467 -7.235211127939195e-12
468 468 -6632455058120.728
469 469 -7.221530445001776e-12
470 470 -5960679203227.544
471 471 -7.360543128706624e-12
472 472 -4271413933045.445
473 473 -7.612361743362074e-12
474 474 -4882674839478.106
475 475 -7.491644653316963e-12
476 476 -4779899855756.757
477 477 -7.587360641184716e-12
478 478 -4265182680189.318
479 479 -7.795293553259194e-12
480 480 -4603522037933.259
481 481 -7.564468783897384e-12
482 482 -4038254905272.682
483 483 -7.629109133686657e-12
484 484 -1283864794437.635
485 485 -3.140568546410701e-11
486 486 -989692834133.3325
487 487 -3.382612130173062e-11
488 488 -896702762336.9985
489 489 -4.765097351949574e-11
490 490 -1406371743938.409
491 491 -1.580211020575447e-11
492 492 -1445005080406.44
493 493 -7.379745793183014e-12
494 494 -1292472728130.098
495 495 -1.388941080280321e-11
496 496 -1349421844846.216
497 497 4.817521208181135e-11
498 498 -1296617381823.102
499 499 3.476054264071386e-12
500 500 -1499284123501.438
501 501 1.489596013142668e-11
502 502 -823275312000.4175
503 503 -5.97486088763408e-12
504 504 -552673662936.1047
505 505 -6.500756971873951e-11
506 506 -804437092599.7913
507 507 -3.374324915918855e-11
508 508 0
509 509 0
510 510 0
511 511 -2.122432379119335e-11
512 512 0
513 513 -3.482681217820587e-10
514 514 0
515 515 -4.654872611682231e-10
516 516 0
517 517 -7.108195474170365e-13
518 518 0
519 519 -1.023143925082125e-10
520 520 0
521 521 -2.954449315114367e-09
522 522 0
523 523 -2.973267245391558e-11
524 524 0
525 525 -4.008389588381282e-12
526 526 0
527 527 -4.635297079991061e-11
528 528 0
529 529 -2.013622369809375e-10
530 530 0
531 531 -1.279913123818208e-09
532 532 0
533 533 -1.032428672028319e-08
534 534 -8124310838269.711
535 535 7.000627556373264e-10
536 536 -8049312173521.179
537 537 4.736927937241298e-10
538 538 -5956557872.546935
539 539 9.838184977264484e-09
540 540 -2203149529189.289
541 541 1.833256311383101e-10
542 542 -4201793960133.008
543 543 1.926213664860458e-10
544 544 -475380697624.0501
545 545 4.176232776952698e-10
546 546 -5646067987381.021
547 547 3.987052066360106e-10
548 548 -4809171645916.632
549 549 5.987217140898487e-10
550 550 -8083673633200.782
551 551 4.662333366954107e-10
552 552 -3184107345596.496
553 553 1.776327182821611e-10
554 554 -1332213591872.038
555 555 4.034784801987717e-10
556 556 -81263572231.05388
557 557 1.121857858556593e-09
558 558 -6704710913023.004
559 559 4.980318303735323e-10
560 560 -4850207235823.976
561 561 2.837655730677812e-10
562 562 -6395683106361.772
563 563 7.492614086205972e-10
564 564 -3087688344813.506
565 565 4.232392757056756e-10
566 566 -8105794540186.984
567 567 4.662708570899643e-10
568 568 -8063750017714.577
569 569 4.662126207191505e-10
570 570 -2701561653079.59
571 571 1.953807414149565e-10
572 572 -3676862342061.19
573 573 1.62580433363021e-10
574 574 -892212199576.4889
575 575 4.699066208174718e-10
576 576 -1780161525960.879
577 577 3.531898705193031e-10
578 578 -13299009963.61786
579 579 1.856756846318925e-09
580 580 -230221137502.6935
581 581 7.913501166125956e-10
582 582 -6138189337975.869
583 583 5.153927964889577e-10
584 584 -7360128263000.288
585 585 4.817411088791085e-10
586 586 -4514282868228.672
587 587 2.950319033035263e-10
588 588 -5223585001808.337
589 589 2.732372748328337e-10
590 590 -7208126607019.839
591 591 7.253865125996404e-10
592 592 -5601596891260.969
593 593 7.746346077697973e-10
594 594 -3988295663430.371
595 595 4.095085151647978e-10
596 596 -1973904650875.202
597 597 4.352437280161605e-10
