1
2
598
10 0
10 0
11 0
11 0
10.5 0
10.5 0
11.5 0
11.5 0
4.80129 0.00129195
4.80129 0.00129195
5.475 5.85
5.475 5.85
5.25 3.9
5.25 3.9
5.025 1.95
5.025 1.95
5.5875 6.825
5.5875 6.825
5.025 2.925
5.025 2.925
5.02629 0.976292
5.02629 0.976292
5.5875 6.3375
5.5875 6.3375
5.7 7.3125
5.7 7.3125
5.475 4.875
5.475 4.875
4.20065 0.000645976
4.20065 0.000645976
5.40194 0.00193793
5.40194 0.00193793
5.2125 5.85
5.2125 5.85
5.7375 5.85
5.7375 5.85
4.875 3.9
4.875 3.9
5.625 3.9
5.625 3.9
4.5375 1.95
4.5375 1.95
5.5125 1.95
5.5125 1.95
5.38125 6.825
5.38125 6.825
5.79375 6.825
5.79375 6.825
5.5125 3.4125
5.5125 3.4125
4.5375 2.4375
4.5375 2.4375
4.53815 1.46315
4.53815 1.46315
5.51444 0.489438
5.51444 0.489438
5.38125 6.58125
5.38125 6.58125
5.79375 6.09375
5.79375 6.09375
5.85 7.06875
5.85 7.06875
5.55 7.55625
5.55 7.55625
5.2125 5.3625
5.2125 5.3625
5.7375 4.3875
5.7375 4.3875
5.025 2.4375
5.025 2.4375
5.5125 2.4375
5.5125 2.4375
5.5125 2.925
5.5125 2.925
5.1375 3.4125
5.1375 3.4125
4.7625 3.4125
4.7625 3.4125
4.65 2.925
4.65 2.925
5.51379 0.976292
5.51379 0.976292
5.51315 1.46315
5.51315 1.46315
5.02565 1.46315
5.02565 1.46315
4.42565 0.975646
4.42565 0.975646
4.31315 0.488146
4.31315 0.488146
4.91379 0.488792
4.91379 0.488792
5.79375 6.3375
5.79375 6.3375
5.79375 6.58125
5.79375 6.58125
5.5875 6.58125
5.5875 6.58125
5.325 6.3375
5.325 6.3375
5.26875 6.09375
5.26875 6.09375
5.53125 6.09375
5.53125 6.09375
5.49375 7.3125
5.49375 7.3125
5.4375 7.06875
5.4375 7.06875
5.64375 7.06875
5.64375 7.06875
5.85 7.3125
5.85 7.3125
5.85 7.55625
5.85 7.55625
5.7 7.55625
5.7 7.55625
5.7375 4.875
5.7375 4.875
5.7375 5.3625
5.7375 5.3625
5.475 5.3625
5.475 5.3625
5.1 4.875
5.1 4.875
4.9875 4.3875
4.9875 4.3875
5.3625 4.3875
5.3625 4.3875
3.6 0
3.6 0
4.5 3.9
4.5 3.9
4.95 5.85
4.95 5.85
4.05 1.95
4.05 1.95
1.8 0
1.8 0
5.175 6.825
5.175 6.825
4.725 4.875
4.725 4.875
4.275 2.925
4.275 2.925
3.825 0.975
3.825 0.975
0.9 0
0.9 0
2.7 0
2.7 0
4.5 5.85
4.5 5.85
3.6 3.89808
3.6 3.89808
2.7 1.95
2.7 1.95
2.925 0.975
2.925 0.975
4.275 4.875
4.275 4.875
3.375 2.92308
3.375 2.92308
1.575 0.975
1.575 0.975
5.2875 7.3125
5.2875 7.3125
5.0625 6.3375
5.0625 6.3375
4.95 6.825
4.95 6.825
4.8375 6.3375
4.8375 6.3375
4.8375 5.3625
4.8375 5.3625
4.6125 4.3875
4.6125 4.3875
4.3875 3.4125
4.3875 3.4125
4.1625 2.4375
4.1625 2.4375
3.9375 1.4625
3.9375 1.4625
3.7125 0.4875
3.7125 0.4875
0.45 0
0.45 0
1.35 0
1.35 0
2.25 0
2.25 0
3.15 0
3.15 0
4.275 5.85
4.275 5.85
4.725 5.85
4.725 5.85
3.15 3.89712
3.15 3.89712
4.05 3.89904
4.05 3.89904
2.025 1.95
2.025 1.95
3.375 1.95
3.375 1.95
2.3625 0.4875
2.3625 0.4875
3.4875 1.4625
3.4875 1.4625
4.1625 5.3625
4.1625 5.3625
4.3875 4.3875
4.3875 4.3875
3.0375 3.40962
3.0375 3.40962
3.7125 2.43654
3.7125 2.43654
1.4625 1.4625
1.4625 1.4625
1.6875 0.4875
1.6875 0.4875
5.34375 7.55625
5.34375 7.55625
5.23125 7.06875
5.23125 7.06875
5.11875 6.58125
5.11875 6.58125
5.00625 6.09375
5.00625 6.09375
4.8375 6.825
4.8375 6.825
5.0625 6.825
5.0625 6.825
4.89375 6.09375
4.89375 6.09375
4.78125 6.58125
4.78125 6.58125
3.2625 0.4875
3.2625 0.4875
3.375 0.975
3.375 0.975
2.8125 0.4875
2.8125 0.4875
3.825 4.87404
3.825 4.87404
3.4875 4.38558
3.4875 4.38558
3.9375 4.38654
3.9375 4.38654
4.6125 5.3625
4.6125 5.3625
4.3875 5.3625
4.3875 5.3625
4.5 4.875
4.5 4.875
2.7 2.92308
2.7 2.92308
2.3625 2.43654
2.3625 2.43654
3.0375 2.43654
3.0375 2.43654
3.9375 3.41154
3.9375 3.41154
3.4875 3.41058
3.4875 3.41058
3.825 2.92404
3.825 2.92404
1.125 0.975
1.125 0.975
0.7875 0.4875
0.7875 0.4875
1.2375 0.4875
1.2375 0.4875
2.8125 1.4625
2.8125 1.4625
2.1375 1.4625
2.1375 1.4625
2.25 0.975
2.25 0.975
5.11875 7.06875
5.11875 7.06875
5.175 7.3125
5.175 7.3125
5.00625 7.06875
5.00625 7.06875
4.95 6.3375
4.95 6.3375
5.00625 6.58125
5.00625 6.58125
4.89375 6.58125
4.89375 6.58125
4.6125 6.3375
4.6125 6.3375
4.44375 6.09375
4.44375 6.09375
4.66875 6.09375
4.66875 6.09375
6.00258 0.0025839
6.00258 0.0025839
8 0
8 0
6 3.9
6 3.9
6 5.85
6 5.85
6 1.95
6 1.95
6 6.825
6 6.825
8.36796 1.95
8.36796 1.95
7.00129 0.00129195
7.00129 0.00129195
9 0
9 0
6 4.875
6 4.875
6 2.925
6 2.925
6.00129 0.976292
6.00129 0.976292
6.75 5.85
6.75 5.85
6.75 4.875
6.75 4.875
7.5 3.9
7.5 3.9
7.5 2.925
7.5 2.925
9.25 0.975
9.25 0.975
10.25 0.975
10.25 0.975
7 0.975
7 0.975
6 7.3125
6 7.3125
6 6.3375
6 6.3375
6.375 6.825
6.375 6.825
6.375 6.3375
6.375 6.3375
7.18398 1.95
7.18398 1.95
9.43398 1.95
9.43398 1.95
8.68398 2.925
8.68398 2.925
8.18398 0.975
8.18398 0.975
6.50194 0.00193793
6.50194 0.00193793
7.50065 0.000645976
7.50065 0.000645976
8.5 0
8.5 0
9.5 0
9.5 0
6 5.3625
6 5.3625
6 4.3875
6 4.3875
6 3.4125
6 3.4125
6 2.4375
6 2.4375
6.00065 1.46315
6.00065 1.46315
6.00194 0.489438
6.00194 0.489438
6.375 5.85
6.375 5.85
7.125 5.85
7.125 5.85
6.375 4.3875
6.375 4.3875
7.125 5.3625
7.125 5.3625
6.75 3.9
6.75 3.9
8.25 3.9
8.25 3.9
6.75 2.4375
6.75 2.4375
8.25 3.4125
8.25 3.4125
8.625 0.4875
8.625 0.4875
9.875 1.4625
9.875 1.4625
10.125 0.4875
10.125 0.4875
10.375 1.4625
10.375 1.4625
6.5 1.4625
6.5 1.4625
7.5 0.4875
7.5 0.4875
6 7.55625
6 7.55625
6 7.06875
6 7.06875
6 6.58125
6 6.58125
6 6.09375
6 6.09375
6.1875 6.825
6.1875 6.825
6.5625 6.825
6.5625 6.825
6.1875 6.09375
6.1875 6.09375
6.5625 6.58125
6.5625 6.58125
6.59199 1.95
6.59199 1.95
7.77597 1.95
7.77597 1.95
8.90097 1.95
8.90097 1.95
9.96699 1.95
9.96699 1.95
8.52597 2.4375
8.52597 2.4375
8.84199 3.4125
8.84199 3.4125
8.27597 1.4625
8.27597 1.4625
8.09199 0.4875
8.09199 0.4875
6.375 4.875
6.375 4.875
6.75 5.3625
6.75 5.3625
6.375 5.3625
6.375 5.3625
7.875 4.3875
7.875 4.3875
7.5 4.875
7.5 4.875
7.125 4.3875
7.125 4.3875
6.75 2.925
6.75 2.925
7.5 3.4125
7.5 3.4125
6.75 3.4125
6.75 3.4125
9.625 0.4875
9.625 0.4875
9.75 0.975
9.75 0.975
9.125 0.4875
9.125 0.4875
11.125 0.4875
11.125 0.4875
10.75 0.975
10.75 0.975
10.625 0.4875
10.625 0.4875
6.50065 0.975646
6.50065 0.975646
6.50129 0.488792
6.50129 0.488792
7.00065 0.488146
7.00065 0.488146
6.375 7.06875
6.375 7.06875
6.1875 7.3125
6.1875 7.3125
6.1875 7.06875
6.1875 7.06875
6.1875 6.3375
6.1875 6.3375
6.375 6.58125
6.375 6.58125
6.1875 6.58125
6.1875 6.58125
6.9375 6.09375
6.9375 6.09375
6.75 6.3375
6.75 6.3375
6.5625 6.09375
6.5625 6.09375
9.21699 2.925
9.21699 2.925
9.05898 2.4375
9.05898 2.4375
9.59199 2.4375
9.59199 2.4375
8.09199 2.925
8.09199 2.925
7.34199 2.4375
7.34199 2.4375
7.93398 2.4375
7.93398 2.4375
7.59199 0.975
7.59199 0.975
7.68398 1.4625
7.68398 1.4625
7.09199 1.4625
7.09199 1.4625
8.71699 0.975
8.71699 0.975
9.34199 1.4625
9.34199 1.4625
8.80898 1.4625
8.80898 1.4625
0 0
0 0
2.7 3.89616
2.7 3.89616
4.05 5.85
4.05 5.85
1.35 1.95
1.35 1.95
3.375 4.87308
3.375 4.87308
2.025 2.92308
2.025 2.92308
0.675 0.975
0.675 0.975
3.7125 5.36154
3.7125 5.36154
3.0375 4.38462
3.0375 4.38462
2.3625 3.40962
2.3625 3.40962
1.6875 2.43654
1.6875 2.43654
1.0125 1.4625
1.0125 1.4625
0.3375 0.4875
0.3375 0.4875
6 7.8
6 7.8
5.4 7.8
5.4 7.8
12 0
12 0
9 3.9
9 3.9
7.5 5.85
7.5 5.85
10.5 1.95
10.5 1.95
6.75 6.825
6.75 6.825
4.725 6.825
4.725 6.825
5.7 7.8
5.7 7.8
8.25 4.875
8.25 4.875
9.75 2.925
9.75 2.925
11.25 0.975
11.25 0.975
6.375 7.3125
6.375 7.3125
7.125 6.3375
7.125 6.3375
5.0625 7.3125
5.0625 7.3125
4.3875 6.3375
4.3875 6.3375
5.85 7.8
5.85 7.8
5.55 7.8
5.55 7.8
8.625 4.3875
8.625 4.3875
7.875 5.3625
7.875 5.3625
10.125 2.4375
10.125 2.4375
9.375 3.4125
9.375 3.4125
11.625 0.4875
11.625 0.4875
10.875 1.4625
10.875 1.4625
6.5625 7.06875
6.5625 7.06875
6.1875 7.55625
6.1875 7.55625
7.3125 6.09375
7.3125 6.09375
6.9375 6.58125
6.9375 6.58125
5.23125 7.55625
5.23125 7.55625
4.89375 7.06875
4.89375 7.06875
4.55625 6.58125
4.55625 6.58125
4.21875 6.09375
4.21875 6.09375
1
0 0 0
1 1 0
2 2 0
3 3 0
4 4 0
5 5 0
6 6 0
7 7 0
8 8 2.106143559103768e-06
9 9 -5.352872756449526e-05
10 10 -5.533333534685764e-10
11 11 7.620916409341099e-05
12 12 -1.364832189320745e-10
13 13 1.253142508271131e-05
14 14 3.186907515213338e-09
15 15 -0.0001462975391083698
16 16 -3.21428334031802e-10
17 17 5.164800470581457e-05
18 18 7.811805021939553e-10
19 19 -5.379302685441941e-05
20 20 1.647731219950658e-08
21 21 -0.0003786621083801654
22 22 -3.674444915640071e-10
23 23 5.482459210123022e-05
24 24 -2.632625186928315e-10
25 25 4.532340684478432e-05
26 26 -5.926728936386228e-10
27 27 6.802225332366515e-05
28 28 2.150777279693732e-06
29 29 -2.193449021616349e-05
30 30 2.097086781508073e-06
31 31 -8.518309995955871e-05
32 32 -5.613582707173225e-10
33 33 7.731663963223467e-05
34 34 -5.512925742511307e-10
35 35 7.592974217764787e-05
36 36 1.326208161635952e-10
37 37 -1.217583882703465e-05
38 38 -3.802999800777938e-10
39 39 3.491814941175661e-05
40 40 3.90911772958253e-09
41 41 -0.0001794511804271523
42 42 2.537318686406903e-09
43 43 -0.0001164776853255747
44 44 -3.338362675517508e-10
45 45 5.364184910589551e-05
46 46 -3.116820484589097e-10
47 47 5.008361124435963e-05
48 48 -1.270091818372554e-10
49 49 1.020348094581569e-05
50 50 2.136222285237815e-09
51 51 -0.0001225851389520742
52 52 7.789726830056208e-09
53 53 -0.0002683046662502551
54 54 6.946727465273044e-08
55 55 -0.000800146734449295
56 56 -3.85933914750535e-10
57 57 5.979837823706982e-05
58 58 -3.493353750993321e-10
59 59 5.011805681280276e-05
60 60 -2.634632175348757e-10
61 61 4.384623991319516e-05
62 62 -2.603064207453316e-10
63 63 4.630819728401779e-05
64 64 -7.162368917272896e-10
65 65 9.042531786369119e-05
66 66 -5.363767055344032e-10
67 67 5.54049492208547e-05
68 68 1.766842594272191e-09
69 69 -0.0001013860255700491
70 70 1.149115367248022e-09
71 71 -6.594088287601102e-05
72 72 3.708308804851409e-10
73 73 -2.553272488761118e-05
74 74 2.017660510730565e-10
75 75 -1.620741890334656e-05
76 76 5.019763618978715e-10
77 77 -4.032778154527679e-05
78 78 1.060779278050601e-09
79 79 -7.304342247420206e-05
80 80 1.444787465657583e-08
81 81 -0.0003320395858403737
82 82 5.667942330953042e-09
83 83 -0.0001952226813422516
84 84 6.298268824277042e-09
85 85 -0.0002169442677370105
86 86 1.898315384220398e-08
87 87 -0.0004359611314413474
88 88 7.455472807202874e-08
89 89 -0.0008565109995710566
90 90 7.768827656443837e-08
91 91 -0.0008937067073915847
92 92 -3.129327084323115e-10
93 93 4.669462134951113e-05
94 94 -3.145815802139444e-10
95 95 4.874245102610183e-05
96 96 -3.243849676453585e-10
97 97 5.026638742523795e-05
98 98 -4.335073150303549e-10
99 99 6.46845073709885e-05
100 100 -4.230966803175782e-10
101 101 6.070189933186216e-05
102 102 -4.026480105243313e-10
103 103 5.777194336531945e-05
104 104 -3.11548662614184e-10
105 105 5.363215994527335e-05
106 106 -3.230284976541842e-10
107 107 5.375983585774393e-05
108 108 -3.130422125914546e-10
109 109 5.209542638455076e-05
110 110 -2.175411387677914e-10
111 111 3.745001803106174e-05
112 112 -2.142916898793106e-10
113 113 3.812230152928323e-05
114 114 -2.169486203539909e-10
115 115 3.858697741403141e-05
116 116 -5.69141912631276e-10
117 117 6.532099927169231e-05
118 118 -6.754829652582169e-10
119 119 8.528020446382854e-05
120 120 -6.411205465285837e-10
121 121 8.094336356898052e-05
122 122 -5.31117091335035e-10
123 123 6.095760721341219e-05
124 124 -2.169923561083488e-10
125 125 2.24149351750947e-05
126 126 -4.513892928127263e-10
127 127 4.662726958595389e-05
128 128 1.99677321307213e-06
129 129 1.000186590507587e-05
130 130 3.390361395136607e-10
131 131 -3.112825245262158e-05
132 132 -5.579279383701272e-10
133 133 7.684330687807769e-05
134 134 7.216727538734969e-09
135 135 -0.000331290731218365
136 136 1.407256058876617e-06
137 137 7.039754224958663e-06
138 138 -2.53954746342897e-10
139 139 4.080747855171889e-05
140 140 -2.361947702359195e-10
141 141 2.710818579528549e-05
142 142 1.512584671033238e-09
143 143 -0.0001041583956005464
144 144 2.074365248589414e-08
145 145 -0.0004760780315382933
146 146 1.335515910328983e-06
147 147 6.681053208959183e-06
148 148 1.600600543174804e-06
149 149 8.006476616661249e-06
150 150 -5.596868212064715e-10
151 151 7.708421068781273e-05
152 152 1.334391054255591e-09
153 153 -0.0001224589710857823
154 154 1.323194344000221e-08
155 155 -0.0006074229493016824
156 156 2.720723467251837e-08
157 157 -0.0006244169188567186
158 158 2.097402547838012e-10
159 159 -2.407230854866891e-05
160 160 3.722689821204208e-09
161 161 -0.0002561807228113053
162 162 6.199474888285343e-08
163 163 -0.001422804284989526
164 164 -2.47766957776742e-10
165 165 4.26554662288817e-05
166 166 -3.328524612592533e-10
167 167 4.966434744285052e-05
168 168 -2.020125784941484e-10
169 169 3.245994674454125e-05
170 170 -3.379528102072856e-10
171 171 5.042428283718057e-05
172 172 -5.752954485139213e-10
173 173 7.26316782782423e-05
174 174 3.798634773447789e-11
175 175 -3.923621552584232e-06
176 176 8.727832744700086e-10
177 177 -7.011674937076418e-05
178 178 2.485000003722379e-09
179 179 -0.0001425981384086386
180 180 9.608722103763747e-09
181 181 -0.0003308168829769282
182 182 7.872287749565092e-08
183 183 -0.0009031716242406363
184 184 0.0002470424647210331
185 185 -0.02769682406474963
186 186 1.498375179517093e-06
187 187 7.540679833071997e-06
188 188 1.588479074963535e-06
189 189 7.958653101403004e-06
190 190 1.613408604295113e-06
191 191 8.131368392443267e-06
192 192 -6.681781794111423e-10
193 193 9.202920166701228e-05
194 194 -5.156992676263565e-10
195 195 7.102897391467395e-05
196 196 1.709797649844615e-09
197 197 -0.0001568715974699069
198 198 9.068947171033925e-10
199 199 -8.324713717511756e-05
200 200 1.995384491043916e-08
201 201 -0.0009159979240246846
202 202 9.320545142667597e-09
203 203 -0.0004278679630995325
204 204 1.01667160610022e-07
205 205 -0.001166396257390759
206 206 1.178471828333428e-08
207 207 -0.0004057253623903358
208 208 3.510599488602735e-10
209 209 -4.432079714266333e-05
210 210 2.631297113472459e-10
211 211 -2.71792939422797e-05
212 212 3.114100523827093e-09
213 213 -0.0002499721663371141
214 214 4.518841300329981e-09
215 215 -0.0002592071043494295
216 216 3.982186881608021e-08
217 217 -0.001370993018138196
218 218 1.224880023831629e-07
219 219 -0.001405353095485025
220 220 -2.370079555344892e-10
221 221 4.216020749670224e-05
222 222 -2.590226101974735e-10
223 223 4.310565443671173e-05
224 224 -3.277913390332892e-10
225 225 5.07931425495425e-05
226 226 -3.237370631990752e-10
227 227 4.644802914171211e-05
228 228 -2.088213926790919e-10
229 229 3.355424348197719e-05
230 230 -1.958134742256504e-10
231 231 3.14685092964719e-05
232 232 -3.117860951346686e-10
233 233 4.473177810088245e-05
234 234 -3.402795901953226e-10
235 235 5.272569636121342e-05
236 236 6.706073895201294e-08
237 237 -0.0007693574199194246
238 238 1.803837709373538e-08
239 239 -0.0004139957257740215
240 240 7.257145144553554e-08
241 241 -0.0008326251569029269
242 242 7.925871109111665e-10
243 243 -9.09482749408846e-05
244 244 1.15082880753032e-09
245 245 -0.0001188216339106181
246 246 7.690152105106515e-10
247 247 -7.941687917670381e-05
248 248 -3.396710042565732e-10
249 249 4.288469301734965e-05
250 250 -1.718134887189504e-10
251 251 2.169226019531519e-05
252 252 -4.246649545644928e-11
253 253 4.874874099443849e-06
254 254 6.076317872081501e-09
255 255 -0.0004181477510877671
256 256 1.052053099322668e-08
257 257 -0.0006034704302618687
258 258 7.441993908516745e-09
259 259 -0.0004268822771261431
260 260 1.472747634894558e-09
261 261 -0.0001182853624154284
262 262 1.967300734173275e-09
263 263 -0.0001579613890558501
264 264 2.29351177334752e-09
265 265 -0.0001578814509204626
266 266 8.600107935802586e-08
267 267 -0.001973761170245066
268 268 7.315742087771456e-06
269 269 -0.0159525221328087
270 270 1.509881885680533e-07
271 271 -0.001732246600545309
272 272 1.874317691305232e-08
273 273 -0.0006453042576734243
274 274 2.867606866635958e-08
275 275 -0.0009872632062012808
276 276 4.430180733917267e-08
277 277 -0.001016761437467304
278 278 -1.867813847273479e-10
279 279 3.108459761486538e-05
280 280 -1.774295156066728e-10
281 281 3.054642860894706e-05
282 282 -1.91132265069753e-10
283 283 3.180883642905696e-05
284 284 -2.105042217282994e-10
285 285 3.141453348432779e-05
286 286 -2.052954144448167e-10
287 287 3.180997718459452e-05
288 288 -2.140351249175172e-10
289 289 3.316913779427994e-05
290 290 -5.123035259613256e-10
291 291 7.644151002207059e-05
292 292 -6.025168232135421e-10
293 293 8.644225234797395e-05
294 294 -4.77207388459969e-10
295 295 6.846827250450916e-05
296 296 2.009798053719858e-06
297 297 -0.0001122040650000217
298 298 1.513419432644271e-06
299 299 7.570954599314455e-06
300 300 -9.899178970643459e-10
301 301 9.089115545451651e-05
302 302 -5.430415027294589e-10
303 303 7.479332078548387e-05
304 304 2.162594446051931e-09
305 305 -9.927580719535116e-05
306 306 -2.302472067811142e-10
307 307 3.699729605235308e-05
308 308 -3.292125053157343e-09
309 309 0.0001511276341915006
310 310 1.818640549904583e-06
311 311 -4.622183892486419e-05
312 312 2.008514584252811e-06
313 313 1.004643274310664e-05
314 314 -7.818327063504459e-10
315 315 8.973252487060005e-05
316 316 -2.579662195925525e-10
317 317 1.776386336038591e-05
318 318 1.414251505332703e-08
319 319 -0.0003250066589570523
320 320 -8.302772802680024e-10
321 321 0.0001143519310716865
322 322 -1.755577008659439e-09
323 323 0.0002014910843935081
324 324 -3.095659947425116e-09
325 325 0.000284232971055389
326 326 -2.633646102014011e-09
327 327 0.00018135603087266
328 328 -1.450883939054634e-08
329 329 0.0003329836673339227
330 330 -6.653306000639855e-08
331 331 0.001526960340132771
332 332 1.302945936835028e-08
333 333 -0.0002990313045124871
334 334 -2.405149931588463e-10
335 335 4.140566266457892e-05
336 336 -2.929036933379577e-10
337 337 4.370360053451711e-05
338 338 -2.673791246850656e-10
339 339 4.296322641073242e-05
340 340 -4.103536016880124e-10
341 341 6.122685016675888e-05
342 342 -3.038371069753568e-10
343 343 1.394788534810889e-05
344 344 -1.084484988508424e-08
345 345 0.0004978415097490988
346 346 -5.305058425899207e-09
347 347 0.0003653126892006675
348 348 3.193600526518724e-09
349 349 -7.329440972675492e-05
350 350 1.812494731516262e-06
351 351 -7.361872468560028e-05
352 352 1.820190402454689e-06
353 353 -1.857056366098614e-05
354 354 1.833957463926792e-06
355 355 9.184941312161436e-06
356 356 2.59507130412737e-06
357 357 1.298455909229412e-05
358 358 -8.725166575059473e-10
359 359 0.0001101549886437202
360 360 -6.758973560201507e-10
361 361 6.981546314793578e-05
362 362 -7.670687373077758e-10
363 363 6.162748118151992e-05
364 364 6.088471777526143e-10
365 365 -3.493777318084148e-05
366 366 5.105901228764223e-09
367 367 -0.0001758660992947156
368 368 6.812670468050791e-08
369 369 -0.0007847141464459569
370 370 -8.042953562954747e-10
371 371 0.0001107720252327582
372 372 -8.678860994382856e-10
373 373 0.0001195309906762178
374 374 -1.483809174806359e-09
375 375 0.0001532686685744604
376 376 -1.865655367698112e-09
377 377 0.0002355363111105687
378 378 -2.099739111944078e-09
379 379 0.0001927897475844955
380 380 -4.342388578364348e-09
381 381 0.0003987027076659154
382 382 -4.974018043724173e-10
383 383 2.854298685764324e-05
384 384 -4.116233457923639e-09
385 385 0.0003306912504438672
386 386 5.6251820908123e-08
387 387 -0.0006453574912211857
388 388 -2.075359678811367e-08
389 389 0.0007145070513177782
390 390 -4.205341618636699e-07
391 391 0.004824661789647054
392 392 -2.934323402270711e-08
393 393 0.001010231003755778
394 394 4.652701988857609e-09
395 395 -0.0001601840016953581
396 396 7.074692281856009e-08
397 397 -0.0008116587991571031
398 398 -2.369993370437877e-10
399 399 4.215793667545062e-05
400 400 -2.442857051771664e-10
401 401 4.065317363819169e-05
402 402 -2.933914972946773e-10
403 403 4.546166775606955e-05
404 404 -2.891189391273749e-10
405 405 4.148050559296732e-05
406 406 -2.715978388045984e-10
407 407 4.364141526909577e-05
408 408 -2.640974009888265e-10
409 409 4.2435767611555e-05
410 410 -4.114634990407892e-10
411 411 5.903082144832436e-05
412 412 -4.023948202202106e-10
413 413 6.234870342311765e-05
414 414 1.127112994626134e-09
415 415 -5.174218081911166e-05
416 416 -2.331026326086616e-09
417 417 0.0001070074302921716
418 418 -7.044827488236108e-09
419 419 0.0003233971762533724
420 420 -1.557943052953767e-08
421 421 0.0007151846102046271
422 422 -5.213264814792885e-09
423 423 0.0002991525814893922
424 424 -4.992958256574092e-09
425 425 0.0004011272871615837
426 426 -3.545628394516439e-09
427 427 0.0001220674944402041
428 428 4.222957478741418e-08
429 429 -0.000484508172195739
430 430 -1.016429429350193e-09
431 431 0.0001166533569100338
432 432 -1.14132618023966e-09
433 433 0.0001440857633295853
434 434 -1.070115499477036e-09
435 435 0.0001351011556799799
436 436 -3.464810260226398e-09
437 437 0.0003578924903293588
438 438 -2.839952111438479e-09
439 439 0.0003259450875568283
440 440 -2.600746468057827e-09
441 441 0.0002686385750076507
442 442 -1.551267401034727e-09
443 443 0.0001068228118945166
444 444 -3.204099266429922e-09
445 445 0.0002574082855584852
446 446 -1.952707051133176e-09
447 447 0.0001568762665354977
448 448 -9.246722061200106e-08
449 449 0.001060849637866645
450 450 -3.539985738694341e-08
451 451 0.000812439659869695
452 452 1.343868662360672e-08
453 453 -0.0001541827438227292
454 454 -7.916131099650884e-08
455 455 0.0009081939721305653
456 456 -4.248839291170049e-08
457 457 0.0009751252079185507
458 458 -6.117298565328632e-08
459 459 0.0007018191442184386
460 460 1.327493131863092e-08
461 461 -0.0003048692200567738
462 462 6.63967829654776e-08
463 463 -0.0007637709390800006
464 464 6.421500594897227e-08
465 465 -0.0007377090575547355
466 466 -2.618906840530555e-10
467 467 4.358420389826411e-05
468 468 -2.614019713135655e-10
469 469 4.500236683101797e-05
470 470 -2.664200555339636e-10
471 471 4.433851352176493e-05
472 472 -2.755563659587615e-10
473 473 4.111339203408874e-05
474 474 -2.711920369952362e-10
475 475 4.201807868378948e-05
476 476 -2.74639461457531e-10
477 477 4.255352950366907e-05
478 478 -5.64365350135299e-10
479 479 8.096482487483455e-05
480 480 -5.476241760423534e-10
481 481 8.170795625790346e-05
482 482 -5.523248585773972e-10
483 483 7.923810690375129e-05
484 484 -6.463122331739755e-09
485 485 0.0004450568303694881
486 486 -6.961241446899357e-09
487 487 0.0003994584862657169
488 488 -9.80629185633892e-09
489 489 0.0005627182336283166
490 490 -3.611908621787486e-09
491 491 0.0002487166742804624
492 492 -1.686766537886087e-09
493 493 9.679184394683499e-05
494 494 -3.174655150232645e-09
495 495 0.000182171729317906
496 496 1.101080715112971e-08
497 497 -0.0002527083835064407
498 498 7.945092661771726e-10
499 499 -2.735391094698623e-05
500 500 3.40448079946352e-09
501 501 -0.0001172139651438325
502 502 -1.229696840172852e-09
503 503 2.821916864098671e-05
504 504 -1.337827263802975e-08
505 505 0.0004605849361314022
506 506 -6.944125524603453e-09
507 507 0.0002390721505523183
508 508 0
509 509 0
510 510 0
511 511 0.0001971318190276571
512 512 0
513 513 0.002431405910494846
514 514 0
515 515 0.002473238423013413
516 516 0
517 517 7.081281360166365e-06
518 518 0
519 519 0.0009156510173850341
520 520 0
521 521 0.00581528250678395
522 522 0
523 523 0.0003261974401925681
524 524 0
525 525 3.595238618738436e-05
526 526 0
527 527 0.0004838776678618427
528 528 0
529 529 0.001502105705945244
530 530 0
531 531 0.003827957690215885
532 532 0
533 533 0
534 534 7.601996844056529e-09
535 535 -0.001396018372504717
536 536 7.144218943679714e-09
537 537 -0.001311953176909655
538 538 3.165424318610836e-07
539 539 1.583194649218195e-06
540 540 3.096700295885375e-08
541 541 -0.002843289284956522
542 542 1.6268589285377e-08
543 543 -0.002240634852900817
544 544 5.552215276665366e-08
545 545 -0.00254879219706208
546 546 9.621216743990817e-09
547 547 -0.001545965704537098
548 548 8.668733750267811e-09
549 549 -0.001392915870505837
550 550 6.750451217001781e-09
551 551 -0.001239641872334695
552 552 2.571888189225944e-08
553 553 -0.002951811814056828
554 554 4.151679200462773e-08
555 555 -0.002858899568568308
556 556 1.082869596610055e-07
557 557 -0.002485231950925673
558 558 9.013560364353154e-09
559 559 -0.001551780948889617
560 560 1.027137945957607e-08
561 561 -0.001532544318068923
562 562 8.136247616772844e-09
563 563 -0.001400741760703788
564 564 9.191960850594063e-09
565 565 -0.001371486290626039
566 566 6.750952190399726e-09
567 567 -0.001239737782163733
568 568 6.75010660423581e-09
569 569 -0.001239582733050597
570 570 2.828853471754358e-08
571 571 -0.002922050282784572
572 572 2.35394821069838e-08
573 573 -0.002971858499860349
574 574 4.835207067184067e-08
575 575 -0.00277461427157985
576 576 3.634220382583221e-08
577 577 -0.002919697321938592
578 578 1.792228055639649e-07
579 579 -0.002056172390808484
580 580 7.63848141952859e-08
581 581 -0.002629787123574607
582 582 9.327762797379091e-09
583 583 -0.001552343744331132
584 584 8.71871171823103e-09
585 585 -0.001551056254597226
586 586 1.067916604080251e-08
587 587 -0.001532103306854108
588 588 9.890280117959187e-09
589 589 -0.001532441930917536
590 590 7.876982177420101e-09
591 591 -0.001401311976548904
592 592 8.411777841770568e-09
593 593 -0.001399903073978377
594 594 8.893762627852383e-09
595 595 -0.001378033025107768
596 596 9.45266940943478e-09
597 597 -0.001356138221092287
