1
2
598
10 0
10 0
11 0
11 0
10.5 0
10.5 0
11.5 0
11.5 0
4.80129 0.00129195
4.80129 0.00129195
5.475 5.85
5.475 5.85
5.25 3.9
5.25 3.9
5.025 1.95
5.025 1.95
5.5875 6.825
5.5875 6.825
5.025 2.925
5.025 2.925
5.02629 0.976292
5.02629 0.976292
5.5875 6.3375
5.5875 6.3375
5.7 7.3125
5.7 7.3125
5.475 4.875
5.475 4.875
4.20065 0.000645976
4.20065 0.000645976
5.40194 0.00193793
5.40194 0.00193793
5.2125 5.85
5.2125 5.85
5.7375 5.85
5.7375 5.85
4.875 3.9
4.875 3.9
5.625 3.9
5.625 3.9
4.5375 1.95
4.5375 1.95
5.5125 1.95
5.5125 1.95
5.38125 6.825
5.38125 6.825
5.79375 6.825
5.79375 6.825
5.5125 3.4125
5.5125 3.4125
4.5375 2.4375
4.5375 2.4375
4.53815 1.46315
4.53815 1.46315
5.51444 0.489438
5.51444 0.489438
5.38125 6.58125
5.38125 6.58125
5.79375 6.09375
5.79375 6.09375
5.85 7.06875
5.85 7.06875
5.55 7.55625
5.55 7.55625
5.2125 5.3625
5.2125 5.3625
5.7375 4.3875
5.7375 4.3875
5.025 2.4375
5.025 2.4375
5.5125 2.4375
5.5125 2.4375
5.5125 2.925
5.5125 2.925
5.1375 3.4125
5.1375 3.4125
4.7625 3.4125
4.7625 3.4125
4.65 2.925
4.65 2.925
5.51379 0.976292
5.51379 0.976292
5.51315 1.46315
5.51315 1.46315
5.02565 1.46315
5.02565 1.46315
4.42565 0.975646
4.42565 0.975646
4.31315 0.488146
4.31315 0.488146
4.91379 0.488792
4.91379 0.488792
5.79375 6.3375
5.79375 6.3375
5.79375 6.58125
5.79375 6.58125
5.5875 6.58125
5.5875 6.58125
5.325 6.3375
5.325 6.3375
5.26875 6.09375
5.26875 6.09375
5.53125 6.09375
5.53125 6.09375
5.49375 7.3125
5.49375 7.3125
5.4375 7.06875
5.4375 7.06875
5.64375 7.06875
5.64375 7.06875
5.85 7.3125
5.85 7.3125
5.85 7.55625
5.85 7.55625
5.7 7.55625
5.7 7.55625
5.7375 4.875
5.7375 4.875
5.7375 5.3625
5.7375 5.3625
5.475 5.3625
5.475 5.3625
5.1 4.875
5.1 4.875
4.9875 4.3875
4.9875 4.3875
5.3625 4.3875
5.3625 4.3875
3.6 0
3.6 0
4.5 3.9
4.5 3.9
4.95 5.85
4.95 5.85
4.05 1.95
4.05 1.95
1.8 0
1.8 0
5.175 6.825
5.175 6.825
4.725 4.875
4.725 4.875
4.275 2.925
4.275 2.925
3.825 0.975
3.825 0.975
0.9 0
0.9 0
2.7 0
2.7 0
4.5 5.85
4.5 5.85
3.6 3.89808
3.6 3.89808
2.7 1.95
2.7 1.95
2.925 0.975
2.925 0.975
4.275 4.875
4.275 4.875
3.375 2.92308
3.375 2.92308
1.575 0.975
1.575 0.975
5.2875 7.3125
5.2875 7.3125
5.0625 6.3375
5.0625 6.3375
4.95 6.825
4.95 6.825
4.8375 6.3375
4.8375 6.3375
4.8375 5.3625
4.8375 5.3625
4.6125 4.3875
4.6125 4.3875
4.3875 3.4125
4.3875 3.4125
4.1625 2.4375
4.1625 2.4375
3.9375 1.4625
3.9375 1.4625
3.7125 0.4875
3.7125 0.4875
0.45 0
0.45 0
1.35 0
1.35 0
2.25 0
2.25 0
3.15 0
3.15 0
4.275 5.85
4.275 5.85
4.725 5.85
4.725 5.85
3.15 3.89712
3.15 3.89712
4.05 3.89904
4.05 3.89904
2.025 1.95
2.025 1.95
3.375 1.95
3.375 1.95
2.3625 0.4875
2.3625 0.4875
3.4875 1.4625
3.4875 1.4625
4.1625 5.3625
4.1625 5.3625
4.3875 4.3875
4.3875 4.3875
3.0375 3.40962
3.0375 3.40962
3.7125 2.43654
3.7125 2.43654
1.4625 1.4625
1.4625 1.4625
1.6875 0.4875
1.6875 0.4875
5.34375 7.55625
5.34375 7.55625
5.23125 7.06875
5.23125 7.06875
5.11875 6.58125
5.11875 6.58125
5.00625 6.09375
5.00625 6.09375
4.8375 6.825
4.8375 6.825
5.0625 6.825
5.0625 6.825
4.89375 6.09375
4.89375 6.09375
4.78125 6.58125
4.78125 6.58125
3.2625 0.4875
3.2625 0.4875
3.375 0.975
3.375 0.975
2.8125 0.4875
2.8125 0.4875
3.825 4.87404
3.825 4.87404
3.4875 4.38558
3.4875 4.38558
3.9375 4.38654
3.9375 4.38654
4.6125 5.3625
4.6125 5.3625
4.3875 5.3625
4.3875 5.3625
4.5 4.875
4.5 4.875
2.7 2.92308
2.7 2.92308
2.3625 2.43654
2.3625 2.43654
3.0375 2.43654
3.0375 2.43654
3.9375 3.41154
3.9375 3.41154
3.4875 3.41058
3.4875 3.41058
3.825 2.92404
3.825 2.92404
1.125 0.975
1.125 0.975
0.7875 0.4875
0.7875 0.4875
1.2375 0.4875
1.2375 0.4875
2.8125 1.4625
2.8125 1.4625
2.1375 1.4625
2.1375 1.4625
2.25 0.975
2.25 0.975
5.11875 7.06875
5.11875 7.06875
5.175 7.3125
5.175 7.3125
5.00625 7.06875
5.00625 7.06875
4.95 6.3375
4.95 6.3375
5.00625 6.58125
5.00625 6.58125
4.89375 6.58125
4.89375 6.58125
4.6125 6.3375
4.6125 6.3375
4.44375 6.09375
4.44375 6.09375
4.66875 6.09375
4.66875 6.09375
6.00258 0.0025839
6.00258 0.0025839
8 0
8 0
6 3.9
6 3.9
6 5.85
6 5.85
6 1.95
6 1.95
6 6.825
6 6.825
8.36796 1.95
8.36796 1.95
7.00129 0.00129195
7.00129 0.00129195
9 0
9 0
6 4.875
6 4.875
6 2.925
6 2.925
6.00129 0.976292
6.00129 0.976292
6.75 5.85
6.75 5.85
6.75 4.875
6.75 4.875
7.5 3.9
7.5 3.9
7.5 2.925
7.5 2.925
9.25 0.975
9.25 0.975
10.25 0.975
10.25 0.975
7 0.975
7 0.975
6 7.3125
6 7.3125
6 6.3375
6 6.3375
6.375 6.825
6.375 6.825
6.375 6.3375
6.375 6.3375
7.18398 1.95
7.18398 1.95
9.43398 1.95
9.43398 1.95
8.68398 2.925
8.68398 2.925
8.18398 0.975
8.18398 0.975
6.50194 0.00193793
6.50194 0.00193793
7.50065 0.000645976
7.50065 0.000645976
8.5 0
8.5 0
9.5 0
9.5 0
6 5.3625
6 5.3625
6 4.3875
6 4.3875
6 3.4125
6 3.4125
6 2.4375
6 2.4375
6.00065 1.46315
6.00065 1.46315
6.00194 0.489438
6.00194 0.489438
6.375 5.85
6.375 5.85
7.125 5.85
7.125 5.85
6.375 4.3875
6.375 4.3875
7.125 5.3625
7.125 5.3625
6.75 3.9
6.75 3.9
8.25 3.9
8.25 3.9
6.75 2.4375
6.75 2.4375
8.25 3.4125
8.25 3.4125
8.625 0.4875
8.625 0.4875
9.875 1.4625
9.875 1.4625
10.125 0.4875
10.125 0.4875
10.375 1.4625
10.375 1.4625
6.5 1.4625
6.5 1.4625
7.5 0.4875
7.5 0.4875
6 7.55625
6 7.55625
6 7.06875
6 7.06875
6 6.58125
6 6.58125
6 6.09375
6 6.09375
6.1875 6.825
6.1875 6.825
6.5625 6.825
6.5625 6.825
6.1875 6.09375
6.1875 6.09375
6.5625 6.58125
6.5625 6.58125
6.59199 1.95
6.59199 1.95
7.77597 1.95
7.77597 1.95
8.90097 1.95
8.90097 1.95
9.96699 1.95
9.96699 1.95
8.52597 2.4375
8.52597 2.4375
8.84199 3.4125
8.84199 3.4125
8.27597 1.4625
8.27597 1.4625
8.09199 0.4875
8.09199 0.4875
6.375 4.875
6.375 4.875
6.75 5.3625
6.75 5.3625
6.375 5.3625
6.375 5.3625
7.875 4.3875
7.875 4.3875
7.5 4.875
7.5 4.875
7.125 4.3875
7.125 4.3875
6.75 2.925
6.75 2.925
7.5 3.4125
7.5 3.4125
6.75 3.4125
6.75 3.4125
9.625 0.4875
9.625 0.4875
9.75 0.975
9.75 0.975
9.125 0.4875
9.125 0.4875
11.125 0.4875
11.125 0.4875
10.75 0.975
10.75 0.975
10.625 0.4875
10.625 0.4875
6.50065 0.975646
6.50065 0.975646
6.50129 0.488792
6.50129 0.488792
7.00065 0.488146
7.00065 0.488146
6.375 7.06875
6.375 7.06875
6.1875 7.3125
6.1875 7.3125
6.1875 7.06875
6.1875 7.06875
6.1875 6.3375
6.1875 6.3375
6.375 6.58125
6.375 6.58125
6.1875 6.58125
6.1875 6.58125
6.9375 6.09375
6.9375 6.09375
6.75 6.3375
6.75 6.3375
6.5625 6.09375
6.5625 6.09375
9.21699 2.925
9.21699 2.925
9.05898 2.4375
9.05898 2.4375
9.59199 2.4375
9.59199 2.4375
8.09199 2.925
8.09199 2.925
7.34199 2.4375
7.34199 2.4375
7.93398 2.4375
7.93398 2.4375
7.59199 0.975
7.59199 0.975
7.68398 1.4625
7.68398 1.4625
7.09199 1.4625
7.09199 1.4625
8.71699 0.975
8.71699 0.975
9.34199 1.4625
9.34199 1.4625
8.80898 1.4625
8.80898 1.4625
0 0
0 0
2.7 3.89616
2.7 3.89616
4.05 5.85
4.05 5.85
1.35 1.95
1.35 1.95
3.375 4.87308
3.375 4.87308
2.025 2.92308
2.025 2.92308
0.675 0.975
0.675 0.975
3.7125 5.36154
3.7125 5.36154
3.0375 4.38462
3.0375 4.38462
2.3625 3.40962
2.3625 3.40962
1.6875 2.43654
1.6875 2.43654
1.0125 1.4625
1.0125 1.4625
0.3375 0.4875
0.3375 0.4875
6 7.8
6 7.8
5.4 7.8
5.4 7.8
12 0
12 0
9 3.9
9 3.9
7.5 5.85
7.5 5.85
10.5 1.95
10.5 1.95
6.75 6.825
6.75 6.825
4.725 6.825
4.725 6.825
5.7 7.8
5.7 7.8
8.25 4.875
8.25 4.875
9.75 2.925
9.75 2.925
11.25 0.975
11.25 0.975
6.375 7.3125
6.375 7.3125
7.125 6.3375
7.125 6.3375
5.0625 7.3125
5.0625 7.3125
4.3875 6.3375
4.3875 6.3375
5.85 7.8
5.85 7.8
5.55 7.8
5.55 7.8
8.625 4.3875
8.625 4.3875
7.875 5.3625
7.875 5.3625
10.125 2.4375
10.125 2.4375
9.375 3.4125
9.375 3.4125
11.625 0.4875
11.625 0.4875
10.875 1.4625
10.875 1.4625
6.5625 7.06875
6.5625 7.06875
6.1875 7.55625
6.1875 7.55625
7.3125 6.09375
7.3125 6.09375
6.9375 6.58125
6.9375 6.58125
5.23125 7.55625
5.23125 7.55625
4.89375 7.06875
4.89375 7.06875
4.55625 6.58125
4.55625 6.58125
4.21875 6.09375
4.21875 6.09375
1
0 0 0
1 1 0
2 2 0
3 3 0
4 4 0
5 5 0
6 6 0
7 7 0
8 8 2.109999288558093e-06
9 9 -5.363136834703837e-05
10 10 -5.559415168368797e-10
11 11 7.656837966599922e-05
12 12 -1.79623248660587e-10
13 13 1.649239597297512e-05
14 14 3.00903183471627e-09
15 15 -0.0001381320135981203
16 16 -3.21486349633097e-10
17 17 5.1657326820836e-05
18 18 6.819328948724389e-10
19 19 -4.6958717460398e-05
20 20 1.617930341813142e-08
21 21 -0.0003718136226668531
22 22 -3.678938695790057e-10
23 23 5.489164159993198e-05
24 24 -2.632722849424185e-10
25 25 4.532508821183294e-05
26 26 -6.075318144569127e-10
27 27 6.972764140884922e-05
28 28 2.154882762958489e-06
29 29 -2.199888400107564e-05
30 30 2.100791010056897e-06
31 31 -8.534795815182713e-05
32 32 -5.639279730570081e-10
33 33 7.76683341860698e-05
34 34 -5.538456278202528e-10
35 35 7.627971941080703e-05
36 36 7.84604328535183e-11
37 37 -7.203975949335458e-06
38 38 -4.13956437614713e-10
39 39 3.800807122050082e-05
40 40 3.647454754744544e-09
41 41 -0.0001674393315142023
42 42 2.418160742984966e-09
43 43 -0.0001110076093296794
44 44 -3.337362590227399e-10
45 45 5.362567633662989e-05
46 46 -3.118790935736438e-10
47 47 5.011360572564213e-05
48 48 -1.803079071552743e-10
49 49 1.448573925761764e-05
50 50 1.952587837488357e-09
51 51 -0.0001120463248588674
52 52 7.410243137330898e-09
53 53 -0.0002552332960411414
54 54 6.920804649641858e-08
55 55 -0.0007971608813499851
56 56 -3.859269507956204e-10
57 57 5.979704611774992e-05
58 58 -3.502565359872533e-10
59 59 5.024999204106945e-05
60 60 -2.635670006706789e-10
61 61 4.386325507232361e-05
62 62 -2.602664655924915e-10
63 63 4.630123504521875e-05
64 64 -7.258603029348495e-10
65 65 9.163964564677229e-05
66 66 -5.553745262221946e-10
67 67 5.736702153739525e-05
68 68 1.618778217479956e-09
69 69 -9.289117397397008e-05
70 70 1.048357062640282e-09
71 71 -6.015840408788494e-05
72 72 2.903317916995279e-10
73 73 -1.999260867082005e-05
74 74 1.399231672919942e-10
75 75 -1.124128905119527e-05
76 76 4.231784144448794e-10
77 77 -3.39976893250272e-05
78 78 9.461482107089424e-10
79 79 -6.515291571057601e-05
80 80 1.428237303684038e-08
81 81 -0.0003282206230983751
82 82 5.521804261913599e-09
83 83 -0.0001901892154912934
84 84 6.07857518340845e-09
85 85 -0.0002093662551054097
86 86 1.8443274306253e-08
87 87 -0.0004235610271184355
88 88 7.384048030834011e-08
89 89 -0.0008482726439350324
90 90 7.724207942583845e-08
91 91 -0.0008885247313843081
92 92 -3.134909072217891e-10
93 93 4.677444256732e-05
94 94 -3.148850183595859e-10
95 95 4.878952832989658e-05
96 96 -3.246335953462735e-10
97 97 5.030001120999593e-05
98 98 -4.337702804287879e-10
99 99 6.472073773948245e-05
100 100 -4.237907046256772e-10
101 101 6.07996640492591e-05
102 102 -4.036499366935591e-10
103 103 5.791014410277253e-05
104 104 -3.114214299074833e-10
105 105 5.361446908082421e-05
106 106 -3.229330752462273e-10
107 107 5.374305500215927e-05
108 108 -3.130447551138207e-10
109 109 5.209742393447116e-05
110 110 -2.175752647681428e-10
111 111 3.745786619105483e-05
112 112 -2.143247082238466e-10
113 113 3.812822625114966e-05
114 114 -2.168625810000699e-10
115 115 3.857971249744503e-05
116 116 -5.793057184534056e-10
117 117 6.648807605817654e-05
118 118 -6.816193775352521e-10
119 119 8.605424217428292e-05
120 120 -6.480800238333078e-10
121 121 8.181991192969935e-05
122 122 -5.522155934768498e-10
123 123 6.337888976306726e-05
124 124 -2.514857220560872e-10
125 125 2.597703891485652e-05
126 126 -4.791007357318131e-10
127 127 4.948836999800647e-05
128 128 1.998607132407299e-06
129 129 9.993030647091443e-06
130 130 2.851342533671995e-10
131 131 -2.618006084329503e-05
132 132 -5.603156979284037e-10
133 133 7.717082519539069e-05
134 134 6.618019572848546e-09
135 135 -0.0003038054854137828
136 136 1.404494173294566e-06
137 137 7.022470823365295e-06
138 138 -2.53763914688425e-10
139 139 4.077549616064089e-05
140 140 -2.568367708037019e-10
141 141 2.947766967596884e-05
142 142 1.355085033282802e-09
143 143 -9.331278149389734e-05
144 144 1.995958820480499e-08
145 145 -0.0004580805347136063
146 146 2.6041221640636e-07
147 147 1.302057733823861e-06
148 148 1.60244726444837e-06
149 149 8.012236263142355e-06
150 150 -5.60255888983972e-10
151 151 7.716258692445725e-05
152 152 1.216260207030376e-09
153 153 -0.0001116179346353837
154 154 1.137797850648906e-08
155 155 -0.0005223152057231921
156 156 2.457387615197004e-08
157 157 -0.000563980287238226
158 158 1.787795656231914e-10
159 159 -2.051888830570587e-05
160 160 3.33289082479606e-09
161 161 -0.0002293563045292764
162 162 4.489424490310943e-08
163 163 -0.001030340878224737
164 164 -2.476263854403602e-10
165 165 4.263148223499193e-05
166 166 -3.327150566402567e-10
167 167 4.964278342031397e-05
168 168 -2.016913219142271e-10
169 169 3.240832634087207e-05
170 170 -3.372777741307734e-10
171 171 5.032356401695235e-05
172 172 -5.857904841784226e-10
173 173 7.395587429642731e-05
174 174 4.415535925997195e-12
175 175 -4.561010751457273e-07
176 176 7.67626064252028e-10
177 177 -6.167023757216532e-05
178 178 2.249629415202087e-09
179 179 -0.0001290916134579354
180 180 9.025185239403717e-09
181 181 -0.0003107199736435312
182 182 7.772963173916619e-08
183 183 -0.0008917687457002505
184 184 5.537184330165439e-05
185 185 0.0002768586744578798
186 186 1.407323912346511e-06
187 187 7.036611229417969e-06
188 188 1.59182358502969e-06
189 189 7.959121358932109e-06
190 190 1.614546120978562e-06
191 191 8.072707690464417e-06
192 192 -6.66831624890195e-10
193 193 9.184098646354945e-05
194 194 -5.172143056706261e-10
195 195 7.123458234324436e-05
196 196 1.571853716177249e-09
197 197 -0.0001442157559295597
198 198 8.096896361172167e-10
199 199 -7.432466016506483e-05
200 200 1.667181680478617e-08
201 201 -0.0007653330823847263
202 202 8.297906188744774e-09
203 203 -0.000380922020855661
204 204 9.526285600929942e-08
205 205 -0.001092922167655407
206 206 1.070056024003959e-08
207 207 -0.0003683999581010735
208 208 3.286832554685059e-10
209 209 -4.149616249137325e-05
210 210 2.192887154295683e-10
211 211 -2.265127482385947e-05
212 212 2.825049084818666e-09
213 213 -0.0002267699108290373
214 214 4.054643143208157e-09
215 215 -0.0002325780263659778
216 216 3.023485084229212e-08
217 217 -0.001040928472358464
218 218 1.084515892220901e-07
219 219 -0.001244232527386915
220 220 -2.368838059183095e-10
221 221 4.214147506436921e-05
222 222 -2.588198770028494e-10
223 223 4.307323078569532e-05
224 224 -3.275833285428503e-10
225 225 5.075705494521121e-05
226 226 -3.239558489652245e-10
227 227 4.647673129731317e-05
228 228 -2.084116205320648e-10
229 229 3.348816232880001e-05
230 230 -1.956324258008614e-10
231 231 3.143476547554715e-05
232 232 -3.116651578656031e-10
233 233 4.471343160057097e-05
234 234 -3.394387794138236e-10
235 235 5.259398535059715e-05
236 236 6.566054144993106e-08
237 237 -0.0007533036965087708
238 238 1.693193357722445e-08
239 239 -0.0003885946217303375
240 240 7.014317838617233e-08
241 241 -0.0008047314932701139
242 242 7.436885344565375e-10
243 243 -8.533782321626772e-05
244 244 1.070056257659378e-09
245 245 -0.0001104823727440884
246 246 6.994254499522329e-10
247 247 -7.223086388396735e-05
248 248 -3.485061876785063e-10
249 249 4.399880178773197e-05
250 250 -1.823616974859275e-10
251 251 2.302310961048768e-05
252 252 -6.011845224258437e-11
253 253 6.899914573756127e-06
254 254 5.42159485811642e-09
255 255 -0.0003730926148680611
256 256 9.162881716647218e-09
257 257 -0.0005255912502107555
258 258 6.566511530772803e-09
259 259 -0.0003766610801643318
260 260 1.321441026967126e-09
261 261 -0.0001061332724782904
262 262 1.77746318750509e-09
263 263 -0.0001427191443373435
264 264 2.059803303683972e-09
265 265 -0.0001417940042057076
266 266 4.694028974612632e-08
267 267 -0.001077298426793407
268 268 -2.499444633051309e-07
269 269 0.002867538009690899
270 270 1.602442105147878e-07
271 271 -0.001838433751892674
272 272 1.623799400425569e-08
273 273 -0.0005590432696353183
274 274 2.320549424729714e-08
275 275 -0.0007989210798969524
276 276 3.690570796377501e-08
277 277 -0.0008470007558716345
278 278 -1.865855504898288e-10
279 279 3.105187517117689e-05
280 280 -1.772851788095158e-10
281 281 3.052150490314803e-05
282 282 -1.908819352196195e-10
283 283 3.176688646352394e-05
284 284 -2.103413211470493e-10
285 285 3.138399813302752e-05
286 286 -2.050282607297472e-10
287 287 3.176788852655451e-05
288 288 -2.137103578124215e-10
289 289 3.311312695035667e-05
290 290 -5.10577926684451e-10
291 291 7.618083070138324e-05
292 292 -5.996916086494444e-10
293 293 8.603550651470234e-05
294 294 -4.761982808862068e-10
295 295 6.831838241732626e-05
296 296 2.009949907935097e-06
297 297 -0.0001122264266638947
298 298 1.511081432900353e-06
299 299 7.555407130565065e-06
300 300 -1.025288488188783e-09
301 301 9.413850068834811e-05
302 302 -5.451628642684345e-10
303 303 7.50838644857461e-05
304 304 2.073834209386003e-09
305 305 -9.520102433897414e-05
306 306 -2.304414265256233e-10
307 307 3.702797345498125e-05
308 308 -3.238969214674982e-09
309 309 0.0001486874729750183
310 310 1.815169671731261e-06
311 311 -4.613747209021579e-05
312 312 2.003146365701933e-06
313 313 1.001573173077162e-05
314 314 -7.914046030653893e-10
315 315 9.083108973246398e-05
316 316 -3.240260310214763e-10
317 317 2.231282132737875e-05
318 318 1.404308727287611e-08
319 319 -0.000322721629303881
320 320 -8.324205985565315e-10
321 321 0.0001146471247456299
322 322 -1.763378363569808e-09
323 323 0.0002023864615436423
324 324 -3.096389002585484e-09
325 325 0.0002842999104947907
326 326 -2.632985949236599e-09
327 327 0.0001813105720475708
328 328 -1.396836608246273e-08
329 329 0.0003205795889389194
330 330 -6.507336024856923e-08
331 331 0.001493459647048532
332 332 1.30378346716589e-08
333 333 -0.0002992235208484393
334 334 -2.406085646540567e-10
335 335 4.142329080384141e-05
336 336 -2.934202792448908e-10
337 337 4.377980199078433e-05
338 338 -2.677071902919292e-10
339 339 4.301594091624063e-05
340 340 -4.111256936539174e-10
341 341 6.134205023420019e-05
342 342 -3.059999991508366e-10
343 343 1.404717476101609e-05
344 344 -1.068264369348102e-08
345 345 0.0004903953048641994
346 346 -5.253144652763142e-09
347 347 0.0003617378445628474
348 348 3.334103579102104e-09
349 349 -7.651901078183044e-05
350 350 1.809193691533736e-06
351 351 -7.350133086334888e-05
352 352 1.816651052549915e-06
353 353 -1.854593764789175e-05
354 354 1.832477826955376e-06
355 355 9.162365485647882e-06
356 356 2.575289990235133e-06
357 357 1.287642527071729e-05
358 358 -8.783724484743887e-10
359 359 0.0001108942605266463
360 360 -6.902004808271252e-10
361 361 7.129377304189324e-05
362 362 -8.18889546504385e-10
363 363 6.578867322358216e-05
364 364 5.281507706820278e-10
365 365 -3.030715424733361e-05
366 366 5.011888640696101e-09
367 367 -0.0001726260389390904
368 368 6.803829302660231e-08
369 369 -0.0007836872858286163
370 370 -8.071387150420162e-10
371 371 0.0001111651173218166
372 372 -8.691729832709354e-10
373 373 0.0001197089353490578
374 374 -1.501472586389727e-09
375 375 0.0001550935586945359
376 376 -1.868143775101737e-09
377 377 0.0002358525914336727
378 378 -2.123656057142088e-09
379 379 0.0001949868791173417
380 380 -4.321184133179048e-09
381 381 0.0003967564349669351
382 382 -5.369673667766932e-10
383 383 3.081306743846495e-05
384 384 -4.092465819411157e-09
385 385 0.0003287842037286446
386 386 5.675041535830505e-08
387 387 -0.0006510804895680164
388 388 -2.037794596978066e-08
389 389 0.0007015739606782744
390 390 -4.089572080138284e-07
391 391 0.004691843362034959
392 392 -2.891886904871444e-08
393 393 0.0009956217189854301
394 394 4.601090305701997e-09
395 395 -0.0001584067978454018
396 396 7.092456122614787e-08
397 397 -0.0008136962109633124
398 398 -2.370296847424534e-10
399 399 4.216742672469558e-05
400 400 -2.444238226675194e-10
401 401 4.067741562175304e-05
402 402 -2.937636743820702e-10
403 403 4.551690383813981e-05
404 404 -2.898818608882799e-10
405 405 4.158826414253595e-05
406 406 -2.718894754853902e-10
407 407 4.368796171223962e-05
408 408 -2.644527222179698e-10
409 409 4.249300355144907e-05
410 410 -4.125193373434897e-10
411 411 5.918260279441862e-05
412 412 -4.03017091012621e-10
413 413 6.244505994623011e-05
414 414 1.084422436599548e-09
415 415 -4.978129291020677e-05
416 416 -2.292652460259991e-09
417 417 0.0001052460404585296
418 418 -6.93131573668605e-09
419 419 0.0003181875981739101
420 420 -1.537208752030596e-08
421 421 0.0007056679800157553
422 422 -5.150191248871114e-09
423 423 0.000295536002969308
424 424 -4.950705545799607e-09
425 425 0.0003977342400519108
426 426 -3.441337389988139e-09
427 427 0.0001184787141377308
428 428 4.243887100660099e-08
429 429 -0.0004868884212492137
430 430 -1.025453028007205e-09
431 431 0.0001176932952487713
432 432 -1.145316839628237e-09
433 433 0.0001445959085418247
434 434 -1.076021907352422e-09
435 435 0.000135847443195815
436 436 -3.456475310016289e-09
437 437 0.0003570341984536268
438 438 -2.840058822890274e-09
439 439 0.0003259592320841117
440 440 -2.609128810706982e-09
441 441 0.0002695081341837751
442 442 -1.586248385275027e-09
443 443 0.0001092309538367254
444 444 -3.202842590405739e-09
445 445 0.0002573128465988464
446 446 -1.981488248924879e-09
447 447 0.0001591905861356498
448 448 -8.868047114081932e-08
449 449 0.001017404437628103
450 450 -3.446077776423047e-08
451 451 0.0007908886417680391
452 452 1.473866430345216e-08
453 453 -0.0001690922161966639
454 454 -7.883913121247196e-08
455 455 0.0009044977006612597
456 456 -4.205945003317936e-08
457 457 0.0009652812033130874
458 458 -6.026777976859007e-08
459 459 0.0006914341581458791
460 460 1.323300904529605e-08
461 461 -0.0003039041180219919
462 462 6.643084001553707e-08
463 463 -0.0007641617731539786
464 464 6.431551068645533e-08
465 465 -0.0007388507597519076
466 466 -2.621664311625614e-10
467 467 4.363016970104613e-05
468 468 -2.615764749094133e-10
469 469 4.503313652349367e-05
470 470 -2.666522209373094e-10
471 471 4.43767022529324e-05
472 472 -2.76074920694772e-10
473 473 4.119178615583899e-05
474 474 -2.715845327798948e-10
475 475 4.208037989087992e-05
476 476 -2.750266088311897e-10
477 477 4.261370888194278e-05
478 478 -5.652751877393503e-10
479 479 8.10979123568534e-05
480 480 -5.485613903182517e-10
481 481 8.184815695162361e-05
482 482 -5.5355514245851e-10
483 483 7.941648116428399e-05
484 484 -6.398583741304405e-09
485 485 0.0004406141556799576
486 486 -6.878132850629945e-09
487 487 0.000394691340212278
488 488 -9.692108287154585e-09
489 489 0.0005561671002687724
490 490 -3.587006126747341e-09
491 491 0.0002470055497482285
492 492 -1.687554860255608e-09
493 493 9.683779641184566e-05
494 494 -3.146561075125874e-09
495 495 0.0001805606898311546
496 496 1.108741134042992e-08
497 497 -0.0002544605349482133
498 498 8.451455960905314e-10
499 499 -2.909675562918839e-05
500 500 3.399262165232554e-09
501 501 -0.0001170301508244457
502 502 -9.303977618677539e-10
503 503 2.135301210012559e-05
504 504 -1.309753862140424e-08
505 505 0.000450923381664837
506 506 -6.76291457743965e-09
507 507 0.0002328342998904002
508 508 0
509 509 0
510 510 0
511 511 7.84566889205304e-05
512 512 0
513 513 0.002374685378924114
514 514 0
515 515 0.001824873843413193
516 516 0
517 517 -6.188533825422812e-05
518 518 0
519 519 0.0006769310080930915
520 520 0
521 521 0.002183003182976351
522 522 0
523 523 0.0002696400544378151
524 524 0
525 525 -5.479389099707641e-05
526 526 0
527 527 0.000318215693752159
528 528 0
529 529 0.001142400228640793
530 530 0
531 531 0.002585317316446491
532 532 0
533 533 0
534 534 7.601999208664737e-09
535 535 -0.001396017451091465
536 536 7.144255532116112e-09
537 537 -0.001311958226260388
538 538 3.1653034989436e-07
539 539 1.582651743244068e-06
540 540 3.09906941428328e-08
541 541 -0.002845460167036721
542 542 1.626830304281552e-08
543 543 -0.00224059107983454
544 544 5.566470187726113e-08
545 545 -0.00255533266990824
546 546 9.620987789119423e-09
547 547 -0.001545927256949447
548 548 8.669102306186632e-09
549 549 -0.001392975632152501
550 550 6.750462660863396e-09
551 551 -0.001239642812207921
552 552 2.572384315702511e-08
553 553 -0.00295237692682799
554 554 4.155869366968265e-08
555 555 -0.002861781515406252
556 556 1.083787606792399e-07
557 557 -0.002487335909030363
558 558 9.013461102851901e-09
559 559 -0.001551761970761276
560 560 1.027101956667967e-08
561 561 -0.001532488501453381
562 562 8.136370005841599e-09
563 563 -0.001400761528390717
564 564 9.193449848438401e-09
565 565 -0.001371709603705341
566 566 6.751000536907956e-09
567 567 -0.001239741586672536
568 568 6.750167956997171e-09
569 569 -0.001239588693162084
570 570 2.829973375953685e-08
571 571 -0.002923201187838258
572 572 2.354066066002427e-08
573 573 -0.002972001345508698
574 574 4.842183014522469e-08
575 575 -0.002778614089012222
576 576 3.63669667870798e-08
577 577 -0.002921682105456489
578 578 1.792581326388181e-07
579 579 -0.002056574778277196
580 580 7.649795220893321e-08
581 581 -0.002633679147757206
582 582 9.327627019794206e-09
583 583 -0.001552319079780495
584 584 8.718670152019401e-09
585 585 -0.001551045753085765
586 586 1.067890523846351e-08
587 587 -0.001532062488152017
588 588 9.889912455468194e-09
589 589 -0.001532382100850914
590 590 7.877064158501358e-09
591 591 -0.001401324593702825
592 592 8.411968801996797e-09
593 593 -0.001399933727773576
594 594 8.894599942016263e-09
595 595 -0.001378164448588126
596 596 9.455697142116333e-09
597 597 -0.001356573409885409
