1
2
598
10 0
10 0
11 0
11 0
10.5 0
10.5 0
11.5 0
11.5 0
4.80129 0.00129195
4.80129 0.00129195
5.475 5.85
5.475 5.85
5.25 3.9
5.25 3.9
5.025 1.95
5.025 1.95
5.5875 6.825
5.5875 6.825
5.025 2.925
5.025 2.925
5.02629 0.976292
5.02629 0.976292
5.5875 6.3375
5.5875 6.3375
5.7 7.3125
5.7 7.3125
5.475 4.875
5.475 4.875
4.20065 0.000645976
4.20065 0.000645976
5.40194 0.00193793
5.40194 0.00193793
5.2125 5.85
5.2125 5.85
5.7375 5.85
5.7375 5.85
4.875 3.9
4.875 3.9
5.625 3.9
5.625 3.9
4.5375 1.95
4.5375 1.95
5.5125 1.95
5.5125 1.95
5.38125 6.825
5.38125 6.825
5.79375 6.825
5.79375 6.825
5.5125 3.4125
5.5125 3.4125
4.5375 2.4375
4.5375 2.4375
4.53815 1.46315
4.53815 1.46315
5.51444 0.489438
5.51444 0.489438
5.38125 6.58125
5.38125 6.58125
5.79375 6.09375
5.79375 6.09375
5.85 7.06875
5.85 7.06875
5.55 7.55625
5.55 7.55625
5.2125 5.3625
5.2125 5.3625
5.7375 4.3875
5.7375 4.3875
5.025 2.4375
5.025 2.4375
5.5125 2.4375
5.5125 2.4375
5.5125 2.925
5.5125 2.925
5.1375 3.4125
5.1375 3.4125
4.7625 3.4125
4.7625 3.4125
4.65 2.925
4.65 2.925
5.51379 0.976292
5.51379 0.976292
5.51315 1.46315
5.51315 1.46315
5.02565 1.46315
5.02565 1.46315
4.42565 0.975646
4.42565 0.975646
4.31315 0.488146
4.31315 0.488146
4.91379 0.488792
4.91379 0.488792
5.79375 6.3375
5.79375 6.3375
5.79375 6.58125
5.79375 6.58125
5.5875 6.58125
5.5875 6.58125
5.325 6.3375
5.325 6.3375
5.26875 6.09375
5.26875 6.09375
5.53125 6.09375
5.53125 6.09375
5.49375 7.3125
5.49375 7.3125
5.4375 7.06875
5.4375 7.06875
5.64375 7.06875
5.64375 7.06875
5.85 7.3125
5.85 7.3125
5.85 7.55625
5.85 7.55625
5.7 7.55625
5.7 7.55625
5.7375 4.875
5.7375 4.875
5.7375 5.3625
5.7375 5.3625
5.475 5.3625
5.475 5.3625
5.1 4.875
5.1 4.875
4.9875 4.3875
4.9875 4.3875
5.3625 4.3875
5.3625 4.3875
3.6 0
3.6 0
4.5 3.9
4.5 3.9
4.95 5.85
4.95 5.85
4.05 1.95
4.05 1.95
1.8 0
1.8 0
5.175 6.825
5.175 6.825
4.725 4.875
4.725 4.875
4.275 2.925
4.275 2.925
3.825 0.975
3.825 0.975
0.9 0
0.9 0
2.7 0
2.7 0
4.5 5.85
4.5 5.85
3.6 3.89808
3.6 3.89808
2.7 1.95
2.7 1.95
2.925 0.975
2.925 0.975
4.275 4.875
4.275 4.875
3.375 2.92308
3.375 2.92308
1.575 0.975
1.575 0.975
5.2875 7.3125
5.2875 7.3125
5.0625 6.3375
5.0625 6.3375
4.95 6.825
4.95 6.825
4.8375 6.3375
4.8375 6.3375
4.8375 5.3625
4.8375 5.3625
4.6125 4.3875
4.6125 4.3875
4.3875 3.4125
4.3875 3.4125
4.1625 2.4375
4.1625 2.4375
3.9375 1.4625
3.9375 1.4625
3.7125 0.4875
3.7125 0.4875
0.45 0
0.45 0
1.35 0
1.35 0
2.25 0
2.25 0
3.15 0
3.15 0
4.275 5.85
4.275 5.85
4.725 5.85
4.725 5.85
3.15 3.89712
3.15 3.89712
4.05 3.89904
4.05 3.89904
2.025 1.95
2.025 1.95
3.375 1.95
3.375 1.95
2.3625 0.4875
2.3625 0.4875
3.4875 1.4625
3.4875 1.4625
4.1625 5.3625
4.1625 5.3625
4.3875 4.3875
4.3875 4.3875
3.0375 3.40962
3.0375 3.40962
3.7125 2.43654
3.7125 2.43654
1.4625 1.4625
1.4625 1.4625
1.6875 0.4875
1.6875 0.4875
5.34375 7.55625
5.34375 7.55625
5.23125 7.06875
5.23125 7.06875
5.11875 6.58125
5.11875 6.58125
5.00625 6.09375
5.00625 6.09375
4.8375 6.825
4.8375 6.825
5.0625 6.825
5.0625 6.825
4.89375 6.09375
4.89375 6.09375
4.78125 6.58125
4.78125 6.58125
3.2625 0.4875
3.2625 0.4875
3.375 0.975
3.375 0.975
2.8125 0.4875
2.8125 0.4875
3.825 4.87404
3.825 4.87404
3.4875 4.38558
3.4875 4.38558
3.9375 4.38654
3.9375 4.38654
4.6125 5.3625
4.6125 5.3625
4.3875 5.3625
4.3875 5.3625
4.5 4.875
4.5 4.875
2.7 2.92308
2.7 2.92308
2.3625 2.43654
2.3625 2.43654
3.0375 2.43654
3.0375 2.43654
3.9375 3.41154
3.9375 3.41154
3.4875 3.41058
3.4875 3.41058
3.825 2.92404
3.825 2.92404
1.125 0.975
1.125 0.975
0.7875 0.4875
0.7875 0.4875
1.2375 0.4875
1.2375 0.4875
2.8125 1.4625
2.8125 1.4625
2.1375 1.4625
2.1375 1.4625
2.25 0.975
2.25 0.975
5.11875 7.06875
5.11875 7.06875
5.175 7.3125
5.175 7.3125
5.00625 7.06875
5.00625 7.06875
4.95 6.3375
4.95 6.3375
5.00625 6.58125
5.00625 6.58125
4.89375 6.58125
4.89375 6.58125
4.6125 6.3375
4.6125 6.3375
4.44375 6.09375
4.44375 6.09375
4.66875 6.09375
4.66875 6.09375
6.00258 0.0025839
6.00258 0.0025839
8 0
8 0
6 3.9
6 3.9
6 5.85
6 5.85
6 1.95
6 1.95
6 6.825
6 6.825
8.36796 1.95
8.36796 1.95
7.00129 0.00129195
7.00129 0.00129195
9 0
9 0
6 4.875
6 4.875
6 2.925
6 2.925
6.00129 0.976292
6.00129 0.976292
6.75 5.85
6.75 5.85
6.75 4.875
6.75 4.875
7.5 3.9
7.5 3.9
7.5 2.925
7.5 2.925
9.25 0.975
9.25 0.975
10.25 0.975
10.25 0.975
7 0.975
7 0.975
6 7.3125
6 7.3125
6 6.3375
6 6.3375
6.375 6.825
6.375 6.825
6.375 6.3375
6.375 6.3375
7.18398 1.95
7.18398 1.95
9.43398 1.95
9.43398 1.95
8.68398 2.925
8.68398 2.925
8.18398 0.975
8.18398 0.975
6.50194 0.00193793
6.50194 0.00193793
7.50065 0.000645976
7.50065 0.000645976
8.5 0
8.5 0
9.5 0
9.5 0
6 5.3625
6 5.3625
6 4.3875
6 4.3875
6 3.4125
6 3.4125
6 2.4375
6 2.4375
6.00065 1.46315
6.00065 1.46315
6.00194 0.489438
6.00194 0.489438
6.375 5.85
6.375 5.85
7.125 5.85
7.125 5.85
6.375 4.3875
6.375 4.3875
7.125 5.3625
7.125 5.3625
6.75 3.9
6.75 3.9
8.25 3.9
8.25 3.9
6.75 2.4375
6.75 2.4375
8.25 3.4125
8.25 3.4125
8.625 0.4875
8.625 0.4875
9.875 1.4625
9.875 1.4625
10.125 0.4875
10.125 0.4875
10.375 1.4625
10.375 1.4625
6.5 1.4625
6.5 1.4625
7.5 0.4875
7.5 0.4875
6 7.55625
6 7.55625
6 7.06875
6 7.06875
6 6.58125
6 6.58125
6 6.09375
6 6.09375
6.1875 6.825
6.1875 6.825
6.5625 6.825
6.5625 6.825
6.1875 6.09375
6.1875 6.09375
6.5625 6.58125
6.5625 6.58125
6.59199 1.95
6.59199 1.95
7.77597 1.95
7.77597 1.95
8.90097 1.95
8.90097 1.95
9.96699 1.95
9.96699 1.95
8.52597 2.4375
8.52597 2.4375
8.84199 3.4125
8.84199 3.4125
8.27597 1.4625
8.27597 1.4625
8.09199 0.4875
8.09199 0.4875
6.375 4.875
6.375 4.875
6.75 5.3625
6.75 5.3625
6.375 5.3625
6.375 5.3625
7.875 4.3875
7.875 4.3875
7.5 4.875
7.5 4.875
7.125 4.3875
7.125 4.3875
6.75 2.925
6.75 2.925
7.5 3.4125
7.5 3.4125
6.75 3.4125
6.75 3.4125
9.625 0.4875
9.625 0.4875
9.75 0.975
9.75 0.975
9.125 0.4875
9.125 0.4875
11.125 0.4875
11.125 0.4875
10.75 0.975
10.75 0.975
10.625 0.4875
10.625 0.4875
6.50065 0.975646
6.50065 0.975646
6.50129 0.488792
6.50129 0.488792
7.00065 0.488146
7.00065 0.488146
6.375 7.06875
6.375 7.06875
6.1875 7.3125
6.1875 7.3125
6.1875 7.06875
6.1875 7.06875
6.1875 6.3375
6.1875 6.3375
6.375 6.58125
6.375 6.58125
6.1875 6.58125
6.1875 6.58125
6.9375 6.09375
6.9375 6.09375
6.75 6.3375
6.75 6.3375
6.5625 6.09375
6.5625 6.09375
9.21699 2.925
9.21699 2.925
9.05898 2.4375
9.05898 2.4375
9.59199 2.4375
9.59199 2.4375
8.09199 2.925
8.09199 2.925
7.34199 2.4375
7.34199 2.4375
7.93398 2.4375
7.93398 2.4375
7.59199 0.975
7.59199 0.975
7.68398 1.4625
7.68398 1.4625
7.09199 1.4625
7.09199 1.4625
8.71699 0.975
8.71699 0.975
9.34199 1.4625
9.34199 1.4625
8.80898 1.4625
8.80898 1.4625
0 0
0 0
2.7 3.89616
2.7 3.89616
4.05 5.85
4.05 5.85
1.35 1.95
1.35 1.95
3.375 4.87308
3.375 4.87308
2.025 2.92308
2.025 2.92308
0.675 0.975
0.675 0.975
3.7125 5.36154
3.7125 5.36154
3.0375 4.38462
3.0375 4.38462
2.3625 3.40962
2.3625 3.40962
1.6875 2.43654
1.6875 2.43654
1.0125 1.4625
1.0125 1.4625
0.3375 0.4875
0.3375 0.4875
6 7.8
6 7.8
5.4 7.8
5.4 7.8
12 0
12 0
9 3.9
9 3.9
7.5 5.85
7.5 5.85
10.5 1.95
10.5 1.95
6.75 6.825
6.75 6.825
4.725 6.825
4.725 6.825
5.7 7.8
5.7 7.8
8.25 4.875
8.25 4.875
9.75 2.925
9.75 2.925
11.25 0.975
11.25 0.975
6.375 7.3125
6.375 7.3125
7.125 6.3375
7.125 6.3375
5.0625 7.3125
5.0625 7.3125
4.3875 6.3375
4.3875 6.3375
5.85 7.8
5.85 7.8
5.55 7.8
5.55 7.8
8.625 4.3875
8.625 4.3875
7.875 5.3625
7.875 5.3625
10.125 2.4375
10.125 2.4375
9.375 3.4125
9.375 3.4125
11.625 0.4875
11.625 0.4875
10.875 1.4625
10.875 1.4625
6.5625 7.06875
6.5625 7.06875
6.1875 7.55625
6.1875 7.55625
7.3125 6.09375
7.3125 6.09375
6.9375 6.58125
6.9375 6.58125
5.23125 7.55625
5.23125 7.55625
4.89375 7.06875
4.89375 7.06875
4.55625 6.58125
4.55625 6.58125
4.21875 6.09375
4.21875 6.09375
1
0 0 0
1 1 0
2 2 0
3 3 0
4 4 0
5 5 0
6 6 0
7 7 0
8 8 0
9 9 0.002520741779435913
10 10 0
11 11 -5.204170427930421e-18
12 12 0
13 13 -1.886511780124778e-17
14 14 0
15 15 4.644722106927901e-16
16 16 0
17 17 -1.284779574395323e-17
18 18 0
19 19 -5.767955557622884e-17
20 20 0
21 21 2.827382425407698e-15
22 22 0
23 23 1.073360150760649e-17
24 24 0
25 25 6.071532165918825e-18
26 26 0
27 27 1.680513367352532e-17
28 28 0
29 29 0.002520741779201504
30 30 0
31 31 0.002520741778996821
32 32 0
33 33 2.927345865710862e-18
34 34 0
35 35 3.144186300207963e-17
36 36 0
37 37 1.16009632455949e-17
38 38 0
39 39 1.745565497701662e-17
40 40 0
41 41 2.818925648462312e-16
42 42 0
43 43 1.940721888749053e-16
44 44 0
45 45 6.613633252161577e-18
46 46 0
47 47 3.903127820947816e-18
48 48 0
49 49 -1.034328872551171e-16
50 50 0
51 51 -2.062152532067429e-16
52 52 0
53 53 1.684633335607977e-15
54 54 0
55 55 9.464716337059809e-14
56 56 0
57 57 -1.263095530945613e-17
58 58 0
59 59 -2.640032290002203e-17
60 60 0
61 61 -1.843143693225358e-18
62 62 0
63 63 2.595037899844055e-15
64 64 0
65 65 -3.382710778154774e-17
66 66 0
67 67 5.366800753803247e-17
68 68 0
69 69 3.666771747345976e-16
70 70 0
71 71 6.401129626354418e-16
72 72 0
73 73 1.179611963664229e-16
74 74 0
75 75 2.274656157874588e-16
76 76 0
77 77 -8.174884380540703e-17
78 78 0
79 79 3.545341104027599e-17
80 80 0
81 81 1.175665467756382e-14
82 82 0
83 83 -1.408595462493167e-15
84 84 0
85 85 6.928920090953309e-16
86 86 0
87 87 -7.564478557431364e-15
88 88 0
89 89 1.203009046546466e-14
90 90 0
91 91 -1.143943338492714e-13
92 92 0
93 93 1.263095530945613e-17
94 94 0
95 95 9.269928574751063e-18
96 96 0
97 97 -4.553649124439119e-18
98 98 0
99 99 3.469446951953614e-18
100 100 0
101 101 3.198396408832238e-18
102 102 0
103 103 -2.859583229930518e-18
104 104 0
105 105 1.474514954580286e-17
106 106 0
107 107 -6.993104012531504e-18
108 108 0
109 109 8.890457814381136e-18
110 110 0
111 111 2.531612072753653e-17
112 112 0
113 113 2.220500259358937e-15
114 114 0
115 115 2.193449415155424e-15
116 116 0
117 117 -4.325966668217163e-17
118 118 0
119 119 2.276824562219559e-18
120 120 0
121 121 -2.211772431870429e-17
122 122 0
123 123 -3.263448539181368e-17
124 124 0
125 125 -3.068292148133978e-17
126 126 0
127 127 -1.984089975648473e-17
128 128 0
129 129 0.002204632439191945
130 130 0
131 131 -1.307547820017518e-16
132 132 0
133 133 2.47198095326695e-17
134 134 0
135 135 8.856576496490964e-16
136 136 0
137 137 0.001888523121421548
138 138 0
139 139 -6.532318089225164e-18
140 140 0
141 141 -9.649399335120989e-18
142 142 0
143 143 -1.149525353377756e-16
144 144 0
145 145 3.592368373259158e-15
146 146 0
147 147 0.00188852301836582
148 148 0
149 149 0.00188852310107593
150 150 0
151 151 2.504507018441515e-17
152 152 0
153 153 -1.7726705520138e-16
154 154 0
155 155 1.290460793779147e-14
156 156 0
157 157 -4.011981719065361e-15
158 158 0
159 159 1.073360150760649e-17
160 160 0
161 161 -4.809520837145698e-16
162 162 0
163 163 -1.448989149152591e-12
164 164 0
165 165 -9.690056916589196e-18
166 166 0
167 167 1.707618421664669e-18
168 168 0
169 169 6.23416249179165e-19
170 170 0
171 171 5.431852884152377e-17
172 172 0
173 173 -4.675621868843738e-17
174 174 0
175 175 -3.957337929572091e-17
176 176 0
177 177 2.236166980751353e-16
178 178 0
179 179 5.74166365494011e-16
180 180 0
181 181 4.154364569367019e-15
182 182 0
183 183 2.039846156570713e-13
184 184 0
185 185 -0.00684432237825517
186 186 0
187 187 0.001888523035599817
188 188 0
189 189 0.001888523099706398
190 190 0
191 191 0.001888523099896409
192 192 0
193 193 1.695453673289382e-14
194 194 0
195 195 -6.071532165918825e-18
196 196 0
197 197 3.378211339138959e-14
198 198 0
199 199 -1.115644035487584e-16
200 200 0
201 201 6.57114770583056e-13
202 202 0
203 203 1.726483539465917e-15
204 204 0
205 205 -3.650877343497339e-14
206 206 0
207 207 6.27384429130462e-15
208 208 0
209 209 1.183081410616182e-14
210 210 0
211 211 3.735076484212563e-17
212 212 0
213 213 2.243290189024583e-14
214 214 0
215 215 1.268408121590792e-15
216 216 0
217 217 -0.006927732237099951
218 218 0
219 219 1.024843447952617e-11
220 220 0
221 221 1.617700114489584e-14
222 222 0
223 223 4.214835945537398e-18
224 224 0
225 225 1.162806829990704e-17
226 226 0
227 227 2.988332237913172e-17
228 228 0
229 229 1.445824254590888e-14
230 230 0
231 231 3.252606517456513e-19
232 232 0
233 233 -8.742735268379986e-17
234 234 0
235 235 5.048858466721873e-15
236 236 0
237 237 -9.738152124960653e-14
238 238 0
239 239 4.322171960613463e-14
240 240 0
241 241 -3.145606334003376e-13
242 242 0
243 243 1.558508096882738e-14
244 244 0
245 245 2.394194868401978e-14
246 246 0
247 247 1.441988889405721e-17
248 248 0
249 249 -3.661892837569791e-17
250 250 0
251 251 -6.152847328855238e-17
252 252 0
253 253 -6.022743068156977e-17
254 254 0
255 255 4.214250476364256e-14
256 256 0
257 257 8.59551145537818e-14
258 258 0
259 259 4.419208055050916e-16
260 260 0
261 261 -1.491862189340054e-16
262 262 0
263 263 -4.705166378043968e-16
264 264 0
265 265 -3.107323426343456e-16
266 266 0.924170591379493
267 267 17.49288924015858
268 268 0
269 269 -0.01219671166348859
270 270 0
271 271 4.349222251873869e-11
272 272 0
273 273 3.063949918433173e-14
274 274 0
275 275 -2.155133710379786e-14
276 276 0
277 277 6.23943171434993e-14
278 278 0
279 279 -2.222614453595284e-18
280 280 0
281 281 1.802263850311792e-14
282 282 0
283 283 1.865241088753328e-14
284 284 0
285 285 -6.700369425960417e-17
286 286 0
287 287 -1.72930246511438e-17
288 288 0
289 289 -4.693240154146627e-17
290 290 0
291 291 5.181890073285844e-15
292 292 0
293 293 5.369958492630611e-15
294 294 0
295 295 -2.38524477946811e-17
296 296 0
297 297 0.002308194899877099
298 298 0
299 299 0.002097003510828502
300 300 0
301 301 -5.767955557622884e-17
302 302 0
303 303 -7.37257477290143e-18
304 304 0
305 305 -3.377289767292346e-17
306 306 0
307 307 2.157562323246154e-17
308 308 0
309 309 -1.517883041479706e-16
310 310 0
311 311 0.00209564802095955
312 312 0
313 313 0.002098358999924005
314 314 0
315 315 -3.018418848199644e-17
316 316 0
317 317 -2.011411870395108e-16
318 318 0
319 319 4.852802314926261e-15
320 320 0
321 321 -2.222614453595284e-17
322 322 0
323 323 9.107298248878237e-18
324 324 0
325 325 -1.279358563532895e-17
326 326 0
327 327 -8.023096076392733e-18
328 328 0
329 329 8.371992335498568e-15
330 330 0
331 331 6.118071544172765e-14
332 332 0
333 333 -8.023963438130721e-15
334 334 0
335 335 -2.309350627394124e-17
336 336 0
337 337 -4.227304270520982e-17
338 338 0
339 339 -1.013729031273947e-17
340 340 0
341 341 -1.951563910473908e-18
342 342 0
343 343 -3.50414142147315e-16
344 344 0
345 345 6.763253151964577e-16
346 346 0
347 347 -4.705437428587089e-17
348 348 0
349 349 -9.210704031079042e-15
350 350 0
351 351 0.00209564802058179
352 352 0
353 353 0.002095648020525659
354 354 0
355 355 0.002098358999662573
356 356 0
357 357 0.002098359000444269
358 358 0
359 359 -7.012619651636242e-17
360 360 0
361 361 -4.187188790139018e-17
362 362 0
363 363 1.577297320531912e-16
364 364 0
365 365 8.432924497592253e-16
366 366 0
367 367 1.461808189822051e-15
368 368 0
369 369 9.338610622444004e-14
370 370 0
371 371 4.77048955893622e-18
372 372 0
373 373 2.9207322324587e-15
374 374 0
375 375 -5.334274688628682e-17
376 376 0
377 377 9.034656703321708e-16
378 378 0
379 379 9.324138683375338e-18
380 380 0
381 381 1.868730864496015e-15
382 382 0
383 383 -1.973247953923618e-16
384 384 0
385 385 -1.624134854383286e-16
386 386 0
387 387 1.617410632509531e-13
388 388 0
389 389 3.596732287003412e-15
390 390 0
391 391 -2.988182618013369e-13
392 392 0
393 393 1.311261212458281e-14
394 394 0
395 395 9.937797113002134e-16
396 396 0
397 397 7.343041105722925e-14
398 398 0
399 399 8.415891681462506e-15
400 400 0
401 401 3.939990694812323e-17
402 402 0
403 403 5.838428698834441e-17
404 404 0
405 405 -4.065758146820642e-18
406 406 0
407 407 -1.615461237003402e-17
408 408 0
409 409 6.972016280276661e-15
410 410 0
411 411 -1.170938346284345e-17
412 412 0
413 413 1.716617299696299e-15
414 414 0
415 415 8.079474589361979e-16
416 416 0
417 417 -4.705437428587089e-16
418 418 0
419 419 6.377277178559737e-16
420 420 0
421 421 7.676151381197371e-15
422 422 0
423 423 1.88109076926235e-16
424 424 0
425 425 3.739467503011129e-15
426 426 0
427 427 2.332552553885314e-15
428 428 0
429 429 -1.14795651283417e-13
430 430 0
431 431 -8.998878031629687e-18
432 432 0
433 433 -8.456776945386939e-19
434 434 0
435 435 1.24683249835833e-17
436 436 0
437 437 1.467033959590136e-15
438 438 0
439 439 1.39341663207837e-15
440 440 0
441 441 8.998878031629687e-18
442 442 0
443 443 2.771220752872949e-16
444 444 0
445 445 4.050579316405844e-17
446 446 0
447 447 -4.250072516143177e-17
448 448 0
449 449 -2.313173524254308e-13
450 450 0
451 451 2.261537311587514e-14
452 452 0
453 453 -1.042048392019268e-14
454 454 -3.326373428390883e-08
455 455 0.000149284412916513
456 456 0
457 457 2.011021557613013e-14
458 458 0
459 459 5.51131406137384e-14
460 460 0
461 461 -6.612765890423589e-15
462 462 0
463 463 1.681445781220869e-13
464 464 0
465 465 2.186827099815553e-14
466 466 0
467 467 7.963042118058761e-15
468 468 0
469 469 7.684011846947891e-15
470 470 0
471 471 -3.577867169202165e-18
472 472 0
473 473 9.161508357502512e-18
474 474 0
475 475 6.982261990806649e-18
476 476 0
477 477 -4.721700461174372e-17
478 478 0
479 479 2.323662096070933e-15
480 480 0
481 481 2.169596967360743e-15
482 482 0
483 483 -1.604619215278547e-17
484 484 0
485 485 4.474719206282174e-15
486 486 0
487 487 3.336090084737897e-16
488 488 0
489 489 5.636333413883143e-15
490 490 0
491 491 8.239936510889834e-18
492 492 0
493 493 5.238322796363715e-16
494 494 0
495 495 5.451368523257116e-16
496 496 0
497 497 6.346702677295646e-15
498 498 0
499 499 -3.37403716077489e-16
500 500 0
501 501 3.195604588238088e-15
502 502 0
503 503 5.146057191485198e-15
504 504 0
505 505 2.186103945436835e-15
506 506 0
507 507 -1.927711462679227e-16
508 508 0
509 509 0
510 510 0
511 511 -0.001416392325031494
512 512 0
513 513 -0.001062294243770292
514 514 0
515 515 -0.002294555567957793
516 516 0
517 517 -0.001416392325017828
518 518 0
519 519 -0.001416392325051126
520 520 0
521 521 0
522 522 0
523 523 -0.001416392325012009
524 524 0
525 525 -0.001416392325028783
526 526 0
527 527 -0.00141639232502768
528 528 0
529 529 -0.001416392324986905
530 530 0
531 531 0
532 532 0
533 533 0
534 534 0
535 535 -0.0007081961625051223
536 536 0
537 537 -0.0006688519312530465
538 538 3.083684709480853e-07
539 539 1.541842225484449e-06
540 540 0
541 541 -0.001573769250001968
542 542 0
543 543 -0.001180326937501572
544 544 0
545 545 -0.001573769250004741
546 546 0
547 547 -0.0007868846250054854
548 548 0
549 549 -0.0007081961625128429
550 550 0
551 551 -0.0006295077000021899
552 552 0
553 553 -0.001573769250001471
554 554 0
555 555 -0.001573769250004757
556 556 0
557 557 -0.00157376925001322
558 558 0
559 559 -0.0007868846250077824
560 560 0
561 561 -0.0007868846250022863
562 562 0
563 563 -0.000708196162518151
564 564 0
565 565 -0.0007081961625052789
566 566 0
567 567 -0.0006295077000007365
568 568 0
569 569 -0.0006295077000021323
570 570 0
571 571 -0.0015737692500017
572 572 0
573 573 -0.001573769250001231
574 574 0
575 575 -0.001573769250005623
576 576 0
577 577 -0.001573769250004211
578 578 1.745244467648501e-07
579 579 -0.002099355317139944
580 580 0
581 581 -0.001573769250008262
582 582 0
583 583 -0.0007868846250080847
584 584 0
585 585 -0.0007868846250076048
586 586 0
587 587 -0.00078688462500265
588 588 0
589 589 -0.0007868846250017577
590 590 0
591 591 -0.0007081961625174096
592 592 0
593 593 -0.0007081961625186228
594 594 0
595 595 -0.000708196162504897
596 596 0
597 597 -0.0007081961625049076
