1
2
598
10 0
10 0
11 0
11 0
10.5 0
10.5 0
11.5 0
11.5 0
4.80129 0.00129195
4.80129 0.00129195
5.475 5.85
5.475 5.85
5.25 3.9
5.25 3.9
5.025 1.95
5.025 1.95
5.5875 6.825
5.5875 6.825
5.025 2.925
5.025 2.925
5.02629 0.976292
5.02629 0.976292
5.5875 6.3375
5.5875 6.3375
5.7 7.3125
5.7 7.3125
5.475 4.875
5.475 4.875
4.20065 0.000645976
4.20065 0.000645976
5.40194 0.00193793
5.40194 0.00193793
5.2125 5.85
5.2125 5.85
5.7375 5.85
5.7375 5.85
4.875 3.9
4.875 3.9
5.625 3.9
5.625 3.9
4.5375 1.95
4.5375 1.95
5.5125 1.95
5.5125 1.95
5.38125 6.825
5.38125 6.825
5.79375 6.825
5.79375 6.825
5.5125 3.4125
5.5125 3.4125
4.5375 2.4375
4.5375 2.4375
4.53815 1.46315
4.53815 1.46315
5.51444 0.489438
5.51444 0.489438
5.38125 6.58125
5.38125 6.58125
5.79375 6.09375
5.79375 6.09375
5.85 7.06875
5.85 7.06875
5.55 7.55625
5.55 7.55625
5.2125 5.3625
5.2125 5.3625
5.7375 4.3875
5.7375 4.3875
5.025 2.4375
5.025 2.4375
5.5125 2.4375
5.5125 2.4375
5.5125 2.925
5.5125 2.925
5.1375 3.4125
5.1375 3.4125
4.7625 3.4125
4.7625 3.4125
4.65 2.925
4.65 2.925
5.51379 0.976292
5.51379 0.976292
5.51315 1.46315
5.51315 1.46315
5.02565 1.46315
5.02565 1.46315
4.42565 0.975646
4.42565 0.975646
4.31315 0.488146
4.31315 0.488146
4.91379 0.488792
4.91379 0.488792
5.79375 6.3375
5.79375 6.3375
5.79375 6.58125
5.79375 6.58125
5.5875 6.58125
5.5875 6.58125
5.325 6.3375
5.325 6.3375
5.26875 6.09375
5.26875 6.09375
5.53125 6.09375
5.53125 6.09375
5.49375 7.3125
5.49375 7.3125
5.4375 7.06875
5.4375 7.06875
5.64375 7.06875
5.64375 7.06875
5.85 7.3125
5.85 7.3125
5.85 7.55625
5.85 7.55625
5.7 7.55625
5.7 7.55625
5.7375 4.875
5.7375 4.875
5.7375 5.3625
5.7375 5.3625
5.475 5.3625
5.475 5.3625
5.1 4.875
5.1 4.875
4.9875 4.3875
4.9875 4.3875
5.3625 4.3875
5.3625 4.3875
3.6 0
3.6 0
4.5 3.9
4.5 3.9
4.95 5.85
4.95 5.85
4.05 1.95
4.05 1.95
1.8 0
1.8 0
5.175 6.825
5.175 6.825
4.725 4.875
4.725 4.875
4.275 2.925
4.275 2.925
3.825 0.975
3.825 0.975
0.9 0
0.9 0
2.7 0
2.7 0
4.5 5.85
4.5 5.85
3.6 3.89808
3.6 3.89808
2.7 1.95
2.7 1.95
2.925 0.975
2.925 0.975
4.275 4.875
4.275 4.875
3.375 2.92308
3.375 2.92308
1.575 0.975
1.575 0.975
5.2875 7.3125
5.2875 7.3125
5.0625 6.3375
5.0625 6.3375
4.95 6.825
4.95 6.825
4.8375 6.3375
4.8375 6.3375
4.8375 5.3625
4.8375 5.3625
4.6125 4.3875
4.6125 4.3875
4.3875 3.4125
4.3875 3.4125
4.1625 2.4375
4.1625 2.4375
3.9375 1.4625
3.9375 1.4625
3.7125 0.4875
3.7125 0.4875
0.45 0
0.45 0
1.35 0
1.35 0
2.25 0
2.25 0
3.15 0
3.15 0
4.275 5.85
4.275 5.85
4.725 5.85
4.725 5.85
3.15 3.89712
3.15 3.89712
4.05 3.89904
4.05 3.89904
2.025 1.95
2.025 1.95
3.375 1.95
3.375 1.95
2.3625 0.4875
2.3625 0.4875
3.4875 1.4625
3.4875 1.4625
4.1625 5.3625
4.1625 5.3625
4.3875 4.3875
4.3875 4.3875
3.0375 3.40962
3.0375 3.40962
3.7125 2.43654
3.7125 2.43654
1.4625 1.4625
1.4625 1.4625
1.6875 0.4875
1.6875 0.4875
5.34375 7.55625
5.34375 7.55625
5.23125 7.06875
5.23125 7.06875
5.11875 6.58125
5.11875 6.58125
5.00625 6.09375
5.00625 6.09375
4.8375 6.825
4.8375 6.825
5.0625 6.825
5.0625 6.825
4.89375 6.09375
4.89375 6.09375
4.78125 6.58125
4.78125 6.58125
3.2625 0.4875
3.2625 0.4875
3.375 0.975
3.375 0.975
2.8125 0.4875
2.8125 0.4875
3.825 4.87404
3.825 4.87404
3.4875 4.38558
3.4875 4.38558
3.9375 4.38654
3.9375 4.38654
4.6125 5.3625
4.6125 5.3625
4.3875 5.3625
4.3875 5.3625
4.5 4.875
4.5 4.875
2.7 2.92308
2.7 2.92308
2.3625 2.43654
2.3625 2.43654
3.0375 2.43654
3.0375 2.43654
3.9375 3.41154
3.9375 3.41154
3.4875 3.41058
3.4875 3.41058
3.825 2.92404
3.825 2.92404
1.125 0.975
1.125 0.975
0.7875 0.4875
0.7875 0.4875
1.2375 0.4875
1.2375 0.4875
2.8125 1.4625
2.8125 1.4625
2.1375 1.4625
2.1375 1.4625
2.25 0.975
2.25 0.975
5.11875 7.06875
5.11875 7.06875
5.175 7.3125
5.175 7.3125
5.00625 7.06875
5.00625 7.06875
4.95 6.3375
4.95 6.3375
5.00625 6.58125
5.00625 6.58125
4.89375 6.58125
4.89375 6.58125
4.6125 6.3375
4.6125 6.3375
4.44375 6.09375
4.44375 6.09375
4.66875 6.09375
4.66875 6.09375
6.00258 0.0025839
6.00258 0.0025839
8 0
8 0
6 3.9
6 3.9
6 5.85
6 5.85
6 1.95
6 1.95
6 6.825
6 6.825
8.36796 1.95
8.36796 1.95
7.00129 0.00129195
7.00129 0.00129195
9 0
9 0
6 4.875
6 4.875
6 2.925
6 2.925
6.00129 0.976292
6.00129 0.976292
6.75 5.85
6.75 5.85
6.75 4.875
6.75 4.875
7.5 3.9
7.5 3.9
7.5 2.925
7.5 2.925
9.25 0.975
9.25 0.975
10.25 0.975
10.25 0.975
7 0.975
7 0.975
6 7.3125
6 7.3125
6 6.3375
6 6.3375
6.375 6.825
6.375 6.825
6.375 6.3375
6.375 6.3375
7.18398 1.95
7.18398 1.95
9.43398 1.95
9.43398 1.95
8.68398 2.925
8.68398 2.925
8.18398 0.975
8.18398 0.975
6.50194 0.00193793
6.50194 0.00193793
7.50065 0.000645976
7.50065 0.000645976
8.5 0
8.5 0
9.5 0
9.5 0
6 5.3625
6 5.3625
6 4.3875
6 4.3875
6 3.4125
6 3.4125
6 2.4375
6 2.4375
6.00065 1.46315
6.00065 1.46315
6.00194 0.489438
6.00194 0.489438
6.375 5.85
6.375 5.85
7.125 5.85
7.125 5.85
6.375 4.3875
6.375 4.3875
7.125 5.3625
7.125 5.3625
6.75 3.9
6.75 3.9
8.25 3.9
8.25 3.9
6.75 2.4375
6.75 2.4375
8.25 3.4125
8.25 3.4125
8.625 0.4875
8.625 0.4875
9.875 1.4625
9.875 1.4625
10.125 0.4875
10.125 0.4875
10.375 1.4625
10.375 1.4625
6.5 1.4625
6.5 1.4625
7.5 0.4875
7.5 0.4875
6 7.55625
6 7.55625
6 7.06875
6 7.06875
6 6.58125
6 6.58125
6 6.09375
6 6.09375
6.1875 6.825
6.1875 6.825
6.5625 6.825
6.5625 6.825
6.1875 6.09375
6.1875 6.09375
6.5625 6.58125
6.5625 6.58125
6.59199 1.95
6.59199 1.95
7.77597 1.95
7.77597 1.95
8.90097 1.95
8.90097 1.95
9.96699 1.95
9.96699 1.95
8.52597 2.4375
8.52597 2.4375
8.84199 3.4125
8.84199 3.4125
8.27597 1.4625
8.27597 1.4625
8.09199 0.4875
8.09199 0.4875
6.375 4.875
6.375 4.875
6.75 5.3625
6.75 5.3625
6.375 5.3625
6.375 5.3625
7.875 4.3875
7.875 4.3875
7.5 4.875
7.5 4.875
7.125 4.3875
7.125 4.3875
6.75 2.925
6.75 2.925
7.5 3.4125
7.5 3.4125
6.75 3.4125
6.75 3.4125
9.625 0.4875
9.625 0.4875
9.75 0.975
9.75 0.975
9.125 0.4875
9.125 0.4875
11.125 0.4875
11.125 0.4875
10.75 0.975
10.75 0.975
10.625 0.4875
10.625 0.4875
6.50065 0.975646
6.50065 0.975646
6.50129 0.488792
6.50129 0.488792
7.00065 0.488146
7.00065 0.488146
6.375 7.06875
6.375 7.06875
6.1875 7.3125
6.1875 7.3125
6.1875 7.06875
6.1875 7.06875
6.1875 6.3375
6.1875 6.3375
6.375 6.58125
6.375 6.58125
6.1875 6.58125
6.1875 6.58125
6.9375 6.09375
6.9375 6.09375
6.75 6.3375
6.75 6.3375
6.5625 6.09375
6.5625 6.09375
9.21699 2.925
9.21699 2.925
9.05898 2.4375
9.05898 2.4375
9.59199 2.4375
9.59199 2.4375
8.09199 2.925
8.09199 2.925
7.34199 2.4375
7.34199 2.4375
7.93398 2.4375
7.93398 2.4375
7.59199 0.975
7.59199 0.975
7.68398 1.4625
7.68398 1.4625
7.09199 1.4625
7.09199 1.4625
8.71699 0.975
8.71699 0.975
9.34199 1.4625
9.34199 1.4625
8.80898 1.4625
8.80898 1.4625
0 0
0 0
2.7 3.89616
2.7 3.89616
4.05 5.85
4.05 5.85
1.35 1.95
1.35 1.95
3.375 4.87308
3.375 4.87308
2.025 2.92308
2.025 2.92308
0.675 0.975
0.675 0.975
3.7125 5.36154
3.7125 5.36154
3.0375 4.38462
3.0375 4.38462
2.3625 3.40962
2.3625 3.40962
1.6875 2.43654
1.6875 2.43654
1.0125 1.4625
1.0125 1.4625
0.3375 0.4875
0.3375 0.4875
6 7.8
6 7.8
5.4 7.8
5.4 7.8
12 0
12 0
9 3.9
9 3.9
7.5 5.85
7.5 5.85
10.5 1.95
10.5 1.95
6.75 6.825
6.75 6.825
4.725 6.825
4.725 6.825
5.7 7.8
5.7 7.8
8.25 4.875
8.25 4.875
9.75 2.925
9.75 2.925
11.25 0.975
11.25 0.975
6.375 7.3125
6.375 7.3125
7.125 6.3375
7.125 6.3375
5.0625 7.3125
5.0625 7.3125
4.3875 6.3375
4.3875 6.3375
5.85 7.8
5.85 7.8
5.55 7.8
5.55 7.8
8.625 4.3875
8.625 4.3875
7.875 5.3625
7.875 5.3625
10.125 2.4375
10.125 2.4375
9.375 3.4125
9.375 3.4125
11.625 0.4875
11.625 0.4875
10.875 1.4625
10.875 1.4625
6.5625 7.06875
6.5625 7.06875
6.1875 7.55625
6.1875 7.55625
7.3125 6.09375
7.3125 6.09375
6.9375 6.58125
6.9375 6.58125
5.23125 7.55625
5.23125 7.55625
4.89375 7.06875
4.89375 7.06875
4.55625 6.58125
4.55625 6.58125
4.21875 6.09375
4.21875 6.09375
1
0 0 0
1 1 0
2 2 0
3 3 0
4 4 0
5 5 0
6 6 0
7 7 0
8 8 4.512059425306355e-12
9 9 0.000252061495494768
10 10 -5.162294179080309e-15
11 11 -5.210964987420116e-14
12 12 -2.171808607430033e-14
13 13 -2.19254071820961e-13
14 14 -1.142453893187715e-13
15 15 -1.153749513461977e-12
16 16 -1.942980174459109e-15
17 17 -1.961254645016855e-14
18 18 -4.479855001736367e-14
19 19 -4.523127478030936e-13
20 20 -5.436926164043739e-13
21 21 -5.494798477443004e-12
22 22 -2.563889447462944e-15
23 23 -2.587954671525936e-14
24 24 -1.463738727155031e-15
25 25 -1.477483635653823e-14
26 26 -1.185262849311656e-14
27 27 -1.196497125010611e-13
28 28 4.524483891246894e-12
29 29 0.0002520614956208414
30 30 4.499702620357405e-12
31 31 0.0002520614953693825
32 32 -5.162294179080334e-15
33 33 -5.210979895199988e-14
34 34 -5.162294179080347e-15
35 35 -5.210986671463566e-14
36 36 -2.171808607430036e-14
37 37 -2.192543428715041e-13
38 38 -2.171808607430037e-14
39 39 -2.192543428715041e-13
40 40 -1.142453893187715e-13
41 41 -1.153749486356923e-12
42 42 -1.142453893187712e-13
43 43 -1.153749391489232e-12
44 44 -1.942980174459091e-15
45 45 -1.961246513500561e-14
46 46 -1.942980174459091e-15
47 47 -1.961268197544011e-14
48 48 -3.282288710059958e-14
49 49 -3.313784251342267e-13
50 50 -6.479310680040958e-14
51 51 -6.542488583229436e-13
52 52 -2.316629478795239e-13
53 53 -2.34009261078881e-12
54 54 -2.829473484252131e-12
55 55 -2.866177531857944e-11
56 56 -2.377336134546215e-15
57 57 -2.399732430997947e-14
58 58 -2.77329845887427e-15
59 59 -2.799505554674023e-14
60 60 -1.566522035099234e-15
61 61 -1.581230263912603e-14
62 62 -1.37074995492378e-15
63 63 -1.383594438022009e-14
64 64 -9.78712043958669e-15
65 65 -9.879703527721287e-14
66 66 -1.464920007629813e-14
67 67 -1.478849391577976e-13
68 68 -7.274122085563303e-14
69 69 -7.345036437210153e-13
70 70 -7.274122085563285e-14
71 71 -7.345038883751001e-13
72 72 -5.035203678141274e-14
73 73 -5.083831034098651e-13
74 74 -2.840165393408982e-14
75 75 -2.867413981765248e-13
76 76 -2.840165393408987e-14
77 77 -2.867413744596023e-13
78 78 -3.873233598570223e-14
79 79 -3.910643103831671e-13
80 80 -4.799296484700781e-13
81 81 -4.850332917423483e-12
82 82 -2.055074493421283e-13
83 83 -2.075879791956121e-12
84 84 -2.055074493421277e-13
85 85 -2.075879847675007e-12
86 86 -5.928548100382167e-13
87 87 -5.991600390744395e-12
88 88 -3.050443326289858e-12
89 89 -3.089898549155611e-11
90 90 -3.039193179608328e-12
91 91 -3.078474972227456e-11
92 92 -2.253477945192054e-15
93 93 -2.274613467414047e-14
94 94 -2.089604916482389e-15
95 95 -2.109308550306971e-14
96 96 -2.089604916482415e-15
97 97 -2.109311159327267e-14
98 98 -2.868062839335343e-15
99 99 -2.895033930465363e-14
100 100 -3.102164614127655e-15
101 101 -3.131431339275029e-14
102 102 -3.102164614127663e-15
103 103 -3.131438115538607e-14
104 104 -1.69250460898275e-15
105 105 -1.708410566876942e-14
106 106 -1.811265146995454e-15
107 107 -1.828290801088664e-14
108 108 -1.811265146995446e-15
109 109 -1.828278095594455e-14
110 110 -1.230912442896553e-15
111 111 -1.242469939866792e-14
112 112 -1.152766304026438e-15
113 113 -1.163567126764159e-14
114 114 -1.15276630402644e-15
115 115 -1.163567877864007e-14
116 116 -9.715693503365676e-15
117 117 -9.807775522719525e-14
118 118 -8.025972952172465e-15
119 119 -8.101897923168053e-14
120 120 -8.025972952172472e-15
121 121 -8.101904367169722e-14
122 122 -1.387956214766524e-14
123 123 -1.4011112148965e-13
124 124 -1.714551406910181e-14
125 125 -1.73085294198367e-13
126 126 -1.71455140691018e-14
127 127 -1.730853145271577e-13
128 128 6.923865881543343e-12
129 129 0.0002204521823001551
130 130 -1.786172366393615e-14
131 131 -1.803219032425751e-13
132 132 -5.122040496442679e-15
133 133 -5.170370425203186e-14
134 134 -1.663090350378953e-13
135 135 -1.679542674371242e-12
136 136 2.140414825092384e-12
137 137 0.0001888427957748282
138 138 -1.424702522743482e-15
139 139 -1.438102871650308e-14
140 140 -1.117698394160035e-14
141 141 -1.128294032097694e-13
142 142 -4.071831900409346e-14
143 143 -4.111116083519752e-13
144 144 -5.899893681349765e-13
145 145 -5.963150281993335e-12
146 146 3.405495778446712e-12
147 147 0.0001888428086680898
148 148 3.405495778446713e-12
149 149 0.0001888428086680899
150 150 -4.424823582068849e-15
151 151 -4.466559907307863e-14
152 152 -2.608500242272055e-14
153 153 -2.633397785858221e-13
154 154 -1.58201447827382e-13
155 155 -1.597656550242008e-12
156 156 -5.410254554078679e-13
157 157 -5.467693870364262e-12
158 158 -1.260671895939806e-14
159 159 -1.272622110503382e-13
160 160 -5.860004115846086e-14
161 161 -5.916614176674703e-13
162 162 -5.410254554078675e-13
163 163 -5.467693802601627e-12
164 164 -1.319348944131384e-15
165 165 -1.331742977342659e-14
166 166 -2.056933794342297e-15
167 167 -2.076249870815172e-14
168 168 -1.059807367886786e-15
169 169 -1.069763310053429e-14
170 170 -1.849992792828367e-15
171 171 -1.867395601757964e-14
172 172 -9.227602037462107e-15
173 173 -9.314860962097472e-14
174 174 -1.381709541203017e-14
175 175 -1.394847033557058e-13
176 176 -3.005553339691775e-14
177 177 -3.034363531924031e-13
178 178 -5.827680556466241e-14
179 179 -5.884407578446525e-13
180 180 -2.416933056732536e-13
181 181 -2.441492581701067e-12
182 182 -3.498737016757e-12
183 183 -3.545523151059129e-11
184 184 3.810606179584793e-12
185 185 0.0001776690511632978
186 186 3.405495778446713e-12
187 187 0.0001888428086680899
188 188 3.405495778446713e-12
189 189 0.0001888428086680898
190 190 3.405495778446709e-12
191 191 0.0001888428086680898
192 192 -4.424827031901583e-15
193 193 -4.443071344867322e-14
194 194 -4.424823582068868e-15
195 195 -4.466578203219523e-14
196 196 -2.609790551686109e-14
197 197 -2.631015522634728e-13
198 198 -2.607211675985979e-14
199 199 -2.632109618152037e-13
200 200 -1.582014682944395e-13
201 201 -1.597153995430006e-12
202 202 -1.58201447827382e-13
203 203 -1.597656550242008e-12
204 204 -2.693576833924425e-12
205 205 -2.728125603028431e-11
206 206 -2.334347552829886e-13
207 207 -2.35796169915925e-12
208 208 -1.040584709091671e-14
209 209 -1.048110369653542e-13
210 210 -1.558845032197062e-14
211 211 -1.573665988643079e-13
212 212 -4.293335051668513e-14
213 213 -4.332349908507671e-13
214 214 -8.475854932370627e-14
215 215 -8.558508719433422e-13
216 216 -2.334348133358329e-13
217 217 -2.356894678203067e-12
218 218 -2.693576833924425e-12
219 219 -2.728125606755376e-11
220 220 -1.235240688418274e-15
221 221 -1.24682318099591e-14
222 222 -1.412350320368988e-15
223 223 -1.425621671765926e-14
224 224 -1.90706774806965e-15
225 225 -1.925065162345415e-14
226 226 -2.225188200118644e-15
227 227 -2.246164510627795e-14
228 228 -1.059807367886792e-15
229 229 -1.069751790405346e-14
230 230 -1.059807367886789e-15
231 231 -1.069770763943365e-14
232 232 -2.001265930174102e-15
233 233 -2.020149015246036e-14
234 234 -1.715246936027117e-15
235 235 -1.731410730120096e-14
236 236 -2.295628985658204e-12
237 237 -2.325347312165209e-11
238 238 -4.449479069981084e-13
239 239 -4.496806450967304e-12
240 240 -2.295628985658203e-12
241 241 -2.325347301662e-11
242 242 -1.667033985233105e-14
243 243 -1.679872874919136e-13
244 244 -2.060295389160849e-14
245 245 -2.076603930587125e-13
246 246 -2.059390839894851e-14
247 247 -2.078968372237408e-13
248 248 -6.879405387576376e-15
249 249 -6.944474495776919e-14
250 250 -6.879405387576392e-15
251 251 -6.944484660172286e-14
252 252 -8.327737288599112e-15
253 253 -8.406664443348297e-14
254 254 -6.967097763853301e-14
255 255 -7.031207213681334e-13
256 256 -1.005960959850632e-13
257 257 -1.01539000189714e-12
258 258 -1.005960835527715e-13
259 259 -1.015768117404794e-12
260 260 -3.408410805638519e-14
261 261 -3.441111463700977e-13
262 262 -3.41033869314544e-14
263 263 -3.443061807884007e-13
264 264 -4.648595469485844e-14
265 265 -4.693494264030804e-13
266 266 -4.449480203072691e-13
267 267 -4.495420271384727e-12
268 268 -2.295629426719131e-12
269 269 -2.325081711093257e-11
270 270 -2.295628985658202e-12
271 271 -2.325347313520462e-11
272 272 -2.852092969841032e-13
273 273 -2.880968118283917e-12
274 274 -2.85209296984103e-13
275 275 -2.880968142000839e-12
276 276 -6.674218604971628e-13
277 277 -6.745209805199964e-12
278 278 -9.879628074520643e-16
279 279 -9.972335728459375e-15
280 280 -9.231843321724111e-16
281 281 -9.318653298008919e-15
282 282 -9.879628074520707e-16
283 283 -9.972647436583965e-15
284 284 -1.229169788286567e-15
285 285 -1.240689815424842e-14
286 286 -1.139784499899489e-15
287 287 -1.150545858672608e-14
288 288 -1.139784499899494e-15
289 289 -1.150526715728e-14
290 290 -2.458339576573146e-15
291 291 -2.481401992519491e-14
292 292 -2.658998240680844e-15
293 293 -2.684098840269929e-14
294 294 -2.658998240680839e-15
295 295 -2.6840800361385e-14
296 296 4.462959559629429e-12
297 297 0.0002308078803263881
298 298 2.710988521206072e-13
299 299 0.0002096897650496114
300 300 -3.243359439832966e-14
301 301 -3.274317123859449e-13
302 302 -4.966773061648492e-15
303 303 -5.013602922578075e-14
304 304 -1.313206940289495e-13
305 305 -1.326184913161233e-12
306 306 -1.465176940536914e-15
307 307 -1.478953407223899e-14
308 308 -8.728146788686278e-14
309 309 -8.814399676728563e-13
310 310 3.775472758693714e-12
311 311 0.0002095542586519046
312 312 3.783884198274123e-12
313 313 0.0002098253429645443
314 314 -1.148595737577562e-14
315 315 -1.159477456228728e-13
316 316 -6.331017256419454e-14
317 317 -6.392147852199688e-13
318 318 -4.866728763364978e-13
319 319 -4.918488890131772e-12
320 320 -7.374705970114739e-15
321 321 -7.444275773073328e-14
322 322 -2.100267878016831e-14
323 323 -2.120176186308151e-13
324 324 -4.343617214860077e-14
325 325 -4.38508062326759e-13
326 326 -6.894448308490162e-14
327 327 -6.961029517561779e-13
328 328 -5.084821206708688e-13
329 329 -5.138890886175612e-12
330 330 -5.617618003968685e-13
331 331 -5.677849151535267e-12
332 332 -5.328177604828301e-13
333 333 -5.384805868888752e-12
334 334 -1.386129965735539e-15
335 335 -1.399145873955434e-14
336 336 -2.129213743106711e-15
337 337 -2.149181136579771e-14
338 338 -1.766345613144641e-15
339 339 -1.782954209619825e-14
340 340 -3.083321321380601e-15
341 341 -3.112281618403503e-14
342 342 -1.388518393602055e-13
343 343 -1.402247079302504e-12
344 344 -1.250179317558221e-13
345 345 -1.262540094172648e-12
346 346 -6.066214031661424e-14
347 347 -6.124859937262604e-13
348 348 -4.803877420487942e-13
349 349 -4.8544361279791e-12
350 350 3.764842531098829e-12
351 351 0.0002095542585439744
352 352 3.786167497239718e-12
353 353 0.0002095542587604924
354 354 3.783884198274123e-12
355 355 0.0002098253429645443
356 356 3.783884198274123e-12
357 357 0.0002098253429645443
358 358 -9.511812836119045e-15
359 359 -9.601767206014544e-14
360 360 -1.414577929255435e-14
361 361 -1.428021531858024e-13
362 362 -4.648709714632358e-14
363 363 -4.693303336086462e-13
364 364 -9.128682031782119e-14
365 365 -9.217650824242808e-13
366 366 -2.082578570654225e-13
367 367 -2.103663620646874e-12
368 368 -2.494430154647412e-12
369 369 -2.52666462966082e-11
370 370 -7.374705970114739e-15
371 371 -7.44425951004074e-14
372 372 -7.374705970114739e-15
373 373 -7.44428119408419e-14
374 374 -2.596998149552458e-14
375 375 -2.621696127335857e-13
376 376 -1.733616727067484e-14
377 377 -1.750016825246073e-13
378 378 -4.343617214860077e-14
379 379 -4.385081165368676e-13
380 380 -4.343617214860079e-14
381 381 -4.385081165368676e-13
382 382 -9.949586927392276e-14
383 383 -1.004657105120946e-12
384 384 -5.059354647609484e-14
385 385 -5.107890564508277e-13
386 386 -2.6090818854915e-12
387 387 -2.642810932118947e-11
388 388 -2.176179973296491e-13
389 389 -2.198209198217907e-12
390 390 -3.33274064250168e-12
391 391 -3.377312683260515e-11
392 392 -2.301090742271759e-13
393 393 -2.324473309688914e-12
394 394 -2.286370416286559e-13
395 395 -2.30950991024579e-12
396 396 -2.707102526250964e-12
397 397 -2.74200835377169e-11
398 398 -1.298088737957998e-15
399 399 -1.310270159716615e-14
400 400 -1.483442604489305e-15
401 401 -1.497381633914517e-14
402 402 -1.975127223201559e-15
403 403 -1.993753168279866e-14
404 404 -2.302063086773624e-15
405 405 -2.323800396751825e-14
406 406 -1.766345613144644e-15
407 407 -1.782954887246183e-14
408 408 -1.766345613144644e-15
409 409 -1.782954887246183e-14
410 410 -3.335443216956832e-15
411 411 -3.366923439270669e-14
412 412 -2.858744893378518e-15
413 413 -2.885705726023841e-14
414 414 -1.388518393602053e-13
415 415 -1.402247133512613e-12
416 416 -1.388518393602054e-13
417 417 -1.402247133512613e-12
418 418 -1.25017931755822e-13
419 419 -1.262540460090882e-12
420 420 -1.250179317558221e-13
421 421 -1.262540351670664e-12
422 422 -8.838321526845654e-14
423 423 -8.924603677601395e-13
424 424 -4.421233166509754e-14
425 425 -4.463679385423476e-13
426 426 -2.164761198012654e-13
427 427 -2.186581170575581e-12
428 428 -1.989739241331112e-12
429 429 -2.013891503105207e-11
430 430 -1.387956214766518e-14
431 431 -1.401110672795414e-13
432 432 -1.146567564596065e-14
433 433 -1.157412134864348e-13
434 434 -1.146567564596066e-14
435 435 -1.157414008384761e-13
436 436 -3.429102813820361e-14
437 437 -3.4617094076244e-13
438 438 -2.775912429533039e-14
439 439 -2.802221074540284e-13
440 440 -3.429102813820361e-14
441 441 -3.4617094076244e-13
442 442 -7.746467197140441e-14
443 443 -7.82127916034922e-13
444 444 -5.680330786817962e-14
445 445 -5.734829639353419e-13
446 446 -5.680330786817958e-14
447 447 -5.734831826000736e-13
448 448 -2.550698872953559e-12
449 449 -2.583719224897099e-11
450 450 -4.943865633312317e-13
451 451 -4.996451779333728e-12
452 452 -2.550698872953559e-12
453 453 -2.583719231673363e-11
454 454 -2.550698872953558e-12
455 455 -2.583719233706242e-11
456 456 -4.94386563331232e-13
457 457 -4.99645172512362e-12
458 458 -2.550698872953557e-12
459 459 -2.583719234383868e-11
460 460 -4.923446745950474e-13
461 461 -4.975809491541451e-12
462 462 -2.523899294160028e-12
463 463 -2.556520547016862e-11
464 464 -2.533241661014881e-12
465 465 -2.566006943109267e-11
466 466 -1.646604679086777e-15
467 467 -1.662076512215212e-14
468 468 -1.538640553620681e-15
469 469 -1.553087086020311e-14
470 470 -1.64660467908678e-15
471 471 -1.662076509409416e-14
472 472 -2.048616313810965e-15
473 473 -2.067831040945822e-14
474 474 -1.899640833165823e-15
475 475 -1.917554818695964e-14
476 476 -1.899640833165816e-15
477 477 -1.917555198828469e-14
478 478 -4.431663734468078e-15
479 479 -4.473475084289247e-14
480 480 -4.097232627621923e-15
481 481 -4.135701384220397e-14
482 482 -4.431663734468097e-15
483 483 -4.473475084289247e-14
484 484 -5.505257214410002e-14
485 485 -5.558425491799038e-13
486 486 -7.95318633561795e-14
487 487 -8.030722218948724e-13
488 488 -7.953186335617952e-14
489 489 -8.030722557761903e-13
490 490 -6.114443581300653e-14
491 491 -6.173497585533483e-13
492 492 -8.833249246451197e-14
493 493 -8.91936311863805e-13
494 494 -8.833249246451202e-14
495 495 -8.919362915350143e-13
496 496 -5.853440036429428e-13
497 497 -5.915700980289873e-12
498 498 -2.501349770720816e-13
499 499 -2.526673924881269e-12
500 500 -2.501349770720818e-13
501 501 -2.526674016360827e-12
502 502 -5.270257638523287e-13
503 503 -5.326315546927939e-12
504 504 -2.252138512347567e-13
505 505 -2.274939592039399e-12
506 506 -2.252138512347567e-13
507 507 -2.27493959542753e-12
508 508 0
509 509 0
510 510 0
511 511 -0.0001416320823888053
512 512 0
513 513 -0.0001062240613201123
514 514 0
515 515 -0.0001416320845570318
516 516 0
517 517 -0.0001416320819986806
518 518 0
519 519 -0.0001416320831222872
520 520 0
521 521 -0.0001416320896210633
522 522 0
523 523 -0.0001416320818685682
524 524 0
525 525 -0.0001416320821599265
526 526 0
527 527 -0.0001416320827218214
528 528 0
529 529 -0.0001416320837119517
530 530 0
531 531 -0.0001416320859278057
532 532 0
533 533 -0.0001444648959265893
534 534 -3.952400340948096e-14
535 535 -7.081604072535079e-05
536 536 -3.750531721527465e-14
537 537 -6.688181624239663e-05
538 538 5.822194162677811e-15
539 539 2.622816309885484e-05
540 540 -1.996824789744437e-13
541 541 -0.000157368980518791
542 542 -9.333711723612629e-14
543 543 -0.0001180267348194745
544 544 -4.365247621654078e-13
545 545 -0.0001573689829104464
546 546 -5.064592742857666e-14
547 547 -7.868448976277007e-05
548 548 -4.522304386422959e-14
549 549 -7.081604078287697e-05
550 550 -3.516291084147504e-14
551 551 -6.29475917561751e-05
552 552 -1.527962017562309e-13
553 553 -0.0001573689800454528
554 554 -2.5994517467893e-13
555 555 -0.0001573689811272356
556 556 -9.862762424704392e-13
557 557 -0.0001573689884659196
558 558 -4.693074430265412e-14
559 559 -7.868448972526903e-05
560 560 -5.532532013189188e-14
561 561 -7.86844898100042e-05
562 562 -4.200484358813005e-14
563 563 -7.081604075039169e-05
564 564 -4.917196511416068e-14
565 565 -7.08160408227369e-05
566 566 -3.516291084147484e-14
567 567 -6.294759175617473e-05
568 568 -3.516291084147484e-14
569 569 -6.294759175617457e-05
570 570 -1.716179687098069e-13
571 571 -0.0001573689802354625
572 572 -1.376807940601787e-13
573 573 -0.000157368979892865
574 574 -3.19564291482559e-13
575 575 -0.0001573689817292467
576 576 -2.190186090979004e-13
577 577 -0.0001573689807140135
578 578 -3.171238263204189e-12
579 579 -0.0001573690106008519
580 580 -5.803173483219854e-13
581 581 -0.0001573689843630121
582 582 -4.85770821141039e-14
583 583 -7.868448974188708e-05
584 584 -4.539233728499469e-14
585 585 -7.868448970974049e-05
586 586 -5.762558016476341e-14
587 587 -7.868448983322408e-05
588 588 -5.320151280729356e-14
589 589 -7.868448978856703e-05
590 590 -4.063511990559814e-14
591 591 -7.081604073656621e-05
592 592 -4.34701356108635e-14
593 593 -7.081604076518235e-05
594 594 -4.730589909043639e-14
595 595 -7.081604080390112e-05
596 596 -5.119125559231663e-14
597 597 -7.081604084310333e-05
