1
2
598
10 0
10 0
11 0
11 0
10.5 0
10.5 0
11.5 0
11.5 0
4.80129 0.00129195
4.80129 0.00129195
5.475 5.85
5.475 5.85
5.25 3.9
5.25 3.9
5.025 1.95
5.025 1.95
5.5875 6.825
5.5875 6.825
5.025 2.925
5.025 2.925
5.02629 0.976292
5.02629 0.976292
5.5875 6.3375
5.5875 6.3375
5.7 7.3125
5.7 7.3125
5.475 4.875
5.475 4.875
4.20065 0.000645976
4.20065 0.000645976
5.40194 0.00193793
5.40194 0.00193793
5.2125 5.85
5.2125 5.85
5.7375 5.85
5.7375 5.85
4.875 3.9
4.875 3.9
5.625 3.9
5.625 3.9
4.5375 1.95
4.5375 1.95
5.5125 1.95
5.5125 1.95
5.38125 6.825
5.38125 6.825
5.79375 6.825
5.79375 6.825
5.5125 3.4125
5.5125 3.4125
4.5375 2.4375
4.5375 2.4375
4.53815 1.46315
4.53815 1.46315
5.51444 0.489438
5.51444 0.489438
5.38125 6.58125
5.38125 6.58125
5.79375 6.09375
5.79375 6.09375
5.85 7.06875
5.85 7.06875
5.55 7.55625
5.55 7.55625
5.2125 5.3625
5.2125 5.3625
5.7375 4.3875
5.7375 4.3875
5.025 2.4375
5.025 2.4375
5.5125 2.4375
5.5125 2.4375
5.5125 2.925
5.5125 2.925
5.1375 3.4125
5.1375 3.4125
4.7625 3.4125
4.7625 3.4125
4.65 2.925
4.65 2.925
5.51379 0.976292
5.51379 0.976292
5.51315 1.46315
5.51315 1.46315
5.02565 1.46315
5.02565 1.46315
4.42565 0.975646
4.42565 0.975646
4.31315 0.488146
4.31315 0.488146
4.91379 0.488792
4.91379 0.488792
5.79375 6.3375
5.79375 6.3375
5.79375 6.58125
5.79375 6.58125
5.5875 6.58125
5.5875 6.58125
5.325 6.3375
5.325 6.3375
5.26875 6.09375
5.26875 6.09375
5.53125 6.09375
5.53125 6.09375
5.49375 7.3125
5.49375 7.3125
5.4375 7.06875
5.4375 7.06875
5.64375 7.06875
5.64375 7.06875
5.85 7.3125
5.85 7.3125
5.85 7.55625
5.85 7.55625
5.7 7.55625
5.7 7.55625
5.7375 4.875
5.7375 4.875
5.7375 5.3625
5.7375 5.3625
5.475 5.3625
5.475 5.3625
5.1 4.875
5.1 4.875
4.9875 4.3875
4.9875 4.3875
5.3625 4.3875
5.3625 4.3875
3.6 0
3.6 0
4.5 3.9
4.5 3.9
4.95 5.85
4.95 5.85
4.05 1.95
4.05 1.95
1.8 0
1.8 0
5.175 6.825
5.175 6.825
4.725 4.875
4.725 4.875
4.275 2.925
4.275 2.925
3.825 0.975
3.825 0.975
0.9 0
0.9 0
2.7 0
2.7 0
4.5 5.85
4.5 5.85
3.6 3.89808
3.6 3.89808
2.7 1.95
2.7 1.95
2.925 0.975
2.925 0.975
4.275 4.875
4.275 4.875
3.375 2.92308
3.375 2.92308
1.575 0.975
1.575 0.975
5.2875 7.3125
5.2875 7.3125
5.0625 6.3375
5.0625 6.3375
4.95 6.825
4.95 6.825
4.8375 6.3375
4.8375 6.3375
4.8375 5.3625
4.8375 5.3625
4.6125 4.3875
4.6125 4.3875
4.3875 3.4125
4.3875 3.4125
4.1625 2.4375
4.1625 2.4375
3.9375 1.4625
3.9375 1.4625
3.7125 0.4875
3.7125 0.4875
0.45 0
0.45 0
1.35 0
1.35 0
2.25 0
2.25 0
3.15 0
3.15 0
4.275 5.85
4.275 5.85
4.725 5.85
4.725 5.85
3.15 3.89712
3.15 3.89712
4.05 3.89904
4.05 3.89904
2.025 1.95
2.025 1.95
3.375 1.95
3.375 1.95
2.3625 0.4875
2.3625 0.4875
3.4875 1.4625
3.4875 1.4625
4.1625 5.3625
4.1625 5.3625
4.3875 4.3875
4.3875 4.3875
3.0375 3.40962
3.0375 3.40962
3.7125 2.43654
3.7125 2.43654
1.4625 1.4625
1.4625 1.4625
1.6875 0.4875
1.6875 0.4875
5.34375 7.55625
5.34375 7.55625
5.23125 7.06875
5.23125 7.06875
5.11875 6.58125
5.11875 6.58125
5.00625 6.09375
5.00625 6.09375
4.8375 6.825
4.8375 6.825
5.0625 6.825
5.0625 6.825
4.89375 6.09375
4.89375 6.09375
4.78125 6.58125
4.78125 6.58125
3.2625 0.4875
3.2625 0.4875
3.375 0.975
3.375 0.975
2.8125 0.4875
2.8125 0.4875
3.825 4.87404
3.825 4.87404
3.4875 4.38558
3.4875 4.38558
3.9375 4.38654
3.9375 4.38654
4.6125 5.3625
4.6125 5.3625
4.3875 5.3625
4.3875 5.3625
4.5 4.875
4.5 4.875
2.7 2.92308
2.7 2.92308
2.3625 2.43654
2.3625 2.43654
3.0375 2.43654
3.0375 2.43654
3.9375 3.41154
3.9375 3.41154
3.4875 3.41058
3.4875 3.41058
3.825 2.92404
3.825 2.92404
1.125 0.975
1.125 0.975
0.7875 0.4875
0.7875 0.4875
1.2375 0.4875
1.2375 0.4875
2.8125 1.4625
2.8125 1.4625
2.1375 1.4625
2.1375 1.4625
2.25 0.975
2.25 0.975
5.11875 7.06875
5.11875 7.06875
5.175 7.3125
5.175 7.3125
5.00625 7.06875
5.00625 7.06875
4.95 6.3375
4.95 6.3375
5.00625 6.58125
5.00625 6.58125
4.89375 6.58125
4.89375 6.58125
4.6125 6.3375
4.6125 6.3375
4.44375 6.09375
4.44375 6.09375
4.66875 6.09375
4.66875 6.09375
6.00258 0.0025839
6.00258 0.0025839
8 0
8 0
6 3.9
6 3.9
6 5.85
6 5.85
6 1.95
6 1.95
6 6.825
6 6.825
8.36796 1.95
8.36796 1.95
7.00129 0.00129195
7.00129 0.00129195
9 0
9 0
6 4.875
6 4.875
6 2.925
6 2.925
6.00129 0.976292
6.00129 0.976292
6.75 5.85
6.75 5.85
6.75 4.875
6.75 4.875
7.5 3.9
7.5 3.9
7.5 2.925
7.5 2.925
9.25 0.975
9.25 0.975
10.25 0.975
10.25 0.975
7 0.975
7 0.975
6 7.3125
6 7.3125
6 6.3375
6 6.3375
6.375 6.825
6.375 6.825
6.375 6.3375
6.375 6.3375
7.18398 1.95
7.18398 1.95
9.43398 1.95
9.43398 1.95
8.68398 2.925
8.68398 2.925
8.18398 0.975
8.18398 0.975
6.50194 0.00193793
6.50194 0.00193793
7.50065 0.000645976
7.50065 0.000645976
8.5 0
8.5 0
9.5 0
9.5 0
6 5.3625
6 5.3625
6 4.3875
6 4.3875
6 3.4125
6 3.4125
6 2.4375
6 2.4375
6.00065 1.46315
6.00065 1.46315
6.00194 0.489438
6.00194 0.489438
6.375 5.85
6.375 5.85
7.125 5.85
7.125 5.85
6.375 4.3875
6.375 4.3875
7.125 5.3625
7.125 5.3625
6.75 3.9
6.75 3.9
8.25 3.9
8.25 3.9
6.75 2.4375
6.75 2.4375
8.25 3.4125
8.25 3.4125
8.625 0.4875
8.625 0.4875
9.875 1.4625
9.875 1.4625
10.125 0.4875
10.125 0.4875
10.375 1.4625
10.375 1.4625
6.5 1.4625
6.5 1.4625
7.5 0.4875
7.5 0.4875
6 7.55625
6 7.55625
6 7.06875
6 7.06875
6 6.58125
6 6.58125
6 6.09375
6 6.09375
6.1875 6.825
6.1875 6.825
6.5625 6.825
6.5625 6.825
6.1875 6.09375
6.1875 6.09375
6.5625 6.58125
6.5625 6.58125
6.59199 1.95
6.59199 1.95
7.77597 1.95
7.77597 1.95
8.90097 1.95
8.90097 1.95
9.96699 1.95
9.96699 1.95
8.52597 2.4375
8.52597 2.4375
8.84199 3.4125
8.84199 3.4125
8.27597 1.4625
8.27597 1.4625
8.09199 0.4875
8.09199 0.4875
6.375 4.875
6.375 4.875
6.75 5.3625
6.75 5.3625
6.375 5.3625
6.375 5.3625
7.875 4.3875
7.875 4.3875
7.5 4.875
7.5 4.875
7.125 4.3875
7.125 4.3875
6.75 2.925
6.75 2.925
7.5 3.4125
7.5 3.4125
6.75 3.4125
6.75 3.4125
9.625 0.4875
9.625 0.4875
9.75 0.975
9.75 0.975
9.125 0.4875
9.125 0.4875
11.125 0.4875
11.125 0.4875
10.75 0.975
10.75 0.975
10.625 0.4875
10.625 0.4875
6.50065 0.975646
6.50065 0.975646
6.50129 0.488792
6.50129 0.488792
7.00065 0.488146
7.00065 0.488146
6.375 7.06875
6.375 7.06875
6.1875 7.3125
6.1875 7.3125
6.1875 7.06875
6.1875 7.06875
6.1875 6.3375
6.1875 6.3375
6.375 6.58125
6.375 6.58125
6.1875 6.58125
6.1875 6.58125
6.9375 6.09375
6.9375 6.09375
6.75 6.3375
6.75 6.3375
6.5625 6.09375
6.5625 6.09375
9.21699 2.925
9.21699 2.925
9.05898 2.4375
9.05898 2.4375
9.59199 2.4375
9.59199 2.4375
8.09199 2.925
8.09199 2.925
7.34199 2.4375
7.34199 2.4375
7.93398 2.4375
7.93398 2.4375
7.59199 0.975
7.59199 0.975
7.68398 1.4625
7.68398 1.4625
7.09199 1.4625
7.09199 1.4625
8.71699 0.975
8.71699 0.975
9.34199 1.4625
9.34199 1.4625
8.80898 1.4625
8.80898 1.4625
0 0
0 0
2.7 3.89616
2.7 3.89616
4.05 5.85
4.05 5.85
1.35 1.95
1.35 1.95
3.375 4.87308
3.375 4.87308
2.025 2.92308
2.025 2.92308
0.675 0.975
0.675 0.975
3.7125 5.36154
3.7125 5.36154
3.0375 4.38462
3.0375 4.38462
2.3625 3.40962
2.3625 3.40962
1.6875 2.43654
1.6875 2.43654
1.0125 1.4625
1.0125 1.4625
0.3375 0.4875
0.3375 0.4875
6 7.8
6 7.8
5.4 7.8
5.4 7.8
12 0
12 0
9 3.9
9 3.9
7.5 5.85
7.5 5.85
10.5 1.95
10.5 1.95
6.75 6.825
6.75 6.825
4.725 6.825
4.725 6.825
5.7 7.8
5.7 7.8
8.25 4.875
8.25 4.875
9.75 2.925
9.75 2.925
11.25 0.975
11.25 0.975
6.375 7.3125
6.375 7.3125
7.125 6.3375
7.125 6.3375
5.0625 7.3125
5.0625 7.3125
4.3875 6.3375
4.3875 6.3375
5.85 7.8
5.85 7.8
5.55 7.8
5.55 7.8
8.625 4.3875
8.625 4.3875
7.875 5.3625
7.875 5.3625
10.125 2.4375
10.125 2.4375
9.375 3.4125
9.375 3.4125
11.625 0.4875
11.625 0.4875
10.875 1.4625
10.875 1.4625
6.5625 7.06875
6.5625 7.06875
6.1875 7.55625
6.1875 7.55625
7.3125 6.09375
7.3125 6.09375
6.9375 6.58125
6.9375 6.58125
5.23125 7.55625
5.23125 7.55625
4.89375 7.06875
4.89375 7.06875
4.55625 6.58125
4.55625 6.58125
4.21875 6.09375
4.21875 6.09375
1
0 0 0
1 1 0
2 2 0
3 3 0
4 4 0
5 5 0
6 6 0
7 7 0
8 8 1862413038945.084
9 9 -15.20885934397822
10 10 2946735856860.57
11 11 -68866.20000000001
12 12 1597434163652.318
13 13 -45910.8
14 14 1727875656135.855
15 15 -22955.40000000001
16 16 5067304717926.808
17 17 -80343.90000000001
18 18 1595484248487.068
19 19 -34433.09999999999
20 20 1830808285902.025
21 21 -11492.90885932589
22 22 3915941399567.466
23 23 -74605.05
24 24 6481365600373.614
25 25 -86082.75000000001
26 26 1969517572606.696
27 27 -57388.50000000001
28 28 1800891527326.736
29 29 -7.604429681456337
30 30 1866420626541.441
31 31 -22.81328900680717
32 32 2722695608875.431
33 33 -68866.20000000001
34 34 3138759860781.27
35 35 -68866.2
36 36 1464133470342.796
37 37 -45910.8
38 38 1701970791584.012
39 39 -45910.8
40 40 1687371477886.559
41 41 -22955.40000000002
42 42 1730016618970.116
43 43 -22955.40000000002
44 44 4983220758189.464
45 45 -80343.90000000001
46 46 5158212664217.211
47 47 -80343.90000000001
48 48 1636655006044.318
49 49 -40171.95
50 50 1600066676505.409
51 51 -28694.25000000001
52 52 1755040944498.958
53 53 -17224.15442966295
54 54 1849161528812.093
55 55 -5761.663288989052
56 56 4351225460334.031
57 57 -77474.47500000001
58 58 3577555690026.323
59 59 -71735.62500000001
60 60 5824294342097.406
61 61 -83213.32500000001
62 62 7226756084214.893
63 63 -88952.17500000002
64 64 2129729728225.813
65 65 -63127.35000000001
66 66 1863964333569.354
67 67 -51649.65000000001
68 68 1661283500271.807
69 69 -28694.25
70 70 1681529554270.818
71 71 -28694.25000000001
72 72 1645499735109.375
73 73 -34433.1
74 74 1568630318814.192
75 75 -40171.95
76 76 1473547249211.283
77 77 -40171.95
78 78 1527261540298.744
79 79 -34433.10000000002
80 80 1821562351682.771
81 81 -11492.90885932589
82 82 1779954905177.136
83 83 -17224.15442966294
84 84 1786331592678.33
85 85 -17224.15442966295
86 86 1791283476605.138
87 87 -11485.30442966299
88 88 1806057141766.309
89 89 -5746.454429663228
90 90 1856342659091.914
91 91 -5754.058859326148
92 92 4041822147503.06
93 93 -74605.05
94 94 4569455843430.173
95 95 -77474.47500000001
96 96 4460055250722.86
97 97 -77474.47500000001
98 98 3746595626637.627
99 99 -74605.05
100 100 3199577709177.568
101 101 -71735.62500000001
102 102 3399470824322.165
103 103 -71735.62500000001
104 104 6435082172207.78
105 105 -86082.75000000001
106 106 5687992645958.095
107 107 -83213.32500000001
108 108 5751001994702.75
109 109 -83213.32500000001
110 110 6522470088638.332
111 111 -86082.75000000001
112 112 7280481602689.622
113 113 -88952.17500000002
114 114 7250909928906.128
115 115 -88952.17500000002
116 116 2111122206713.192
117 117 -57388.50000000001
118 118 2517122066953.014
119 119 -63127.35000000001
120 120 2338863747771.326
121 121 -63127.35000000001
122 122 1726424920823.687
123 123 -57388.50000000001
124 124 1530402326128.721
125 125 -51649.65
126 126 1714799865811.596
127 127 -51649.65
128 128 1682908171617.323
129 129 -2.953568632837452e-08
130 130 1299384754674.56
131 131 -45910.8
132 132 2447170220815.851
133 133 -68866.20000000001
134 134 1609411595406.776
135 135 -22955.40000000003
136 136 1004581405388.665
137 137 -1.386636457732266e-08
138 138 4907928565882.334
139 139 -80343.90000000001
140 140 1425151778645.47
141 141 -57388.5
142 142 1430708393343.787
143 143 -34433.10000000002
144 144 1697771178242.399
145 145 -11477.7000000001
146 146 476224190824.9893
147 147 -1.487190066940201e-08
148 148 1407278199731.382
149 149 -1.842217572858478e-08
150 150 1730026335874.381
151 151 -68866.20000000001
152 152 763805091272.3156
153 153 -45888.21343129971
154 154 1120364520449.028
155 155 -22955.40000000005
156 156 1444190920764.244
157 157 -11477.70000000013
158 158 981154669780.8829
159 159 -57388.5
160 160 1070645280648.493
161 161 -34410.5134312997
162 162 791525927039.2811
163 163 -11477.70000000029
164 164 6404714405940.455
165 165 -86082.75000000001
166 166 3564131369504.532
167 167 -74605.05
168 168 4844831854779.161
169 169 -80343.90000000001
170 170 3398821405915.137
171 171 -74605.05
172 172 1752641291894.964
173 173 -63127.35000000001
174 174 1306605320258.084
175 175 -51649.65
176 176 1348515541477.018
177 177 -40171.94999999999
178 178 1522754572636.941
179 179 -28694.25000000001
180 180 1666090031413.39
181 181 -17216.55000000005
182 182 1702268736710.541
183 183 -5738.850000000389
184 184 177118582324.1864
185 185 -2.284397567476943e-08
186 186 754685860011.168
187 187 -1.717151546564187e-08
188 188 1221653652797.675
189 189 -1.828000335822961e-08
190 190 1561013129553.071
191 191 -1.857140086778693e-08
192 192 1103547581332.695
193 193 -68866.20000000001
194 194 2143662788586.052
195 195 -68866.20000000001
196 196 416814769144.248
197 197 -45876.92014694955
198 198 1055429264870.23
199 199 -45899.50671564984
200 200 682620486700.6229
201 201 -22955.40000000009
202 202 1414500952422.343
203 203 -22955.40000000004
204 204 1262406340040.719
205 205 -5738.850000000471
206 206 1554958649596.905
207 207 -17216.55000000005
208 208 726684322029.0088
209 209 -63127.35000000001
210 210 1152997912528.41
211 211 -51649.65
212 212 611896246213.3081
213 213 -40138.07014694953
214 214 1392337034416.908
215 215 -28682.95671564986
216 216 492420485211.7389
217 217 -17216.55000000019
218 218 932954560103.4463
219 219 -5738.850000000577
220 220 7208203519748.298
221 221 -88952.17500000002
222 222 5638723506054.996
223 223 -83213.32500000001
224 224 4215455639350.357
225 225 -77474.47500000001
226 226 2966726226670.984
227 227 -71735.62500000001
228 228 4822666331803.286
229 229 -80343.90000000001
230 230 4873761126774.646
231 231 -80343.90000000001
232 232 2853432660032.609
233 233 -71735.62500000001
234 234 4060644268832.6
235 235 -77474.47500000001
236 236 1586981198655.362
237 237 -5738.850000000388
238 238 1586967074152.277
239 239 -11477.70000000011
240 240 1440703198561.827
241 241 -5738.850000000421
242 242 488279114821.0303
243 243 -57377.20671564983
244 244 424999588891.462
245 245 -51627.06343129968
246 246 808415450764.3629
247 247 -51638.35671564984
248 248 1464591678511.889
249 249 -63127.35000000001
250 250 1121446641317.338
251 251 -63127.35000000001
252 252 1213064151266.825
253 253 -57388.5
254 254 639150382030.2349
255 255 -34410.51343129972
256 256 666153115601.1624
257 257 -28682.95671564989
258 258 1102642469906.221
259 259 -28682.95671564987
260 260 1158631773286.346
261 261 -40160.65671564986
262 262 916428589209.4283
263 263 -40149.3634312997
264 264 1276650765242.8
265 265 -34421.80671564986
266 266 463871688568.3048
267 267 -11477.70000000051
268 268 377178972678.902
269 269 -5738.850000002
270 270 673297031239.9067
271 271 -5738.85000000091
272 272 1319884257092.363
273 273 -17216.55000000007
274 274 984192598897.8672
275 275 -17216.55000000011
276 276 1164498111973.283
277 277 -11477.70000000018
278 278 5619397495064.688
279 279 -83213.32500000001
280 280 6396639586439.16
281 281 -86082.75000000001
282 282 5606647750097.058
283 283 -83213.32500000001
284 284 3482487583364.535
285 285 -74605.05
286 286 4160495172398.068
287 287 -77474.47500000001
288 288 4108358823313.634
289 289 -77474.47500000001
290 290 3231987302878.794
291 291 -74605.05
292 292 2293743289106.12
293 293 -71735.62500000001
294 294 2596962904236.936
295 295 -71735.62500000001
296 296 1811428658840.082
297 297 -30.41771867131924
298 298 1207932476829.953
299 299 -1.107616475658068e-08
300 300 1782231288160.732
301 301 -45910.80000000001
302 302 3311908741572.745
303 303 -68866.20000000001
304 304 1693722768946.33
305 305 -22955.40000000001
306 306 5255840309734.05
307 307 -80343.90000000001
308 308 1069743479452.03
309 309 -22955.39999999998
310 310 1588873277484.089
311 311 -15.20885934470797
312 312 664163577973.5201
313 313 -2.081401561822636e-08
314 314 2234757135127.075
315 315 -57388.50000000001
316 316 1656344775073.568
317 317 -34433.1
318 318 1774069177869.889
319 319 -11492.90885932588
320 320 3741489658245.578
321 321 -68866.20000000001
322 322 2528620335178.645
323 323 -57388.49999999998
324 324 1946505766951.481
325 325 -45910.79999999998
326 326 1504935525525.321
327 327 -34433.09999999998
328 328 530399590029.2339
329 329 -11477.69999999993
330 330 75775836000.60544
331 331 -11477.69999999965
332 332 1555149929466.433
333 333 -11477.70000000006
334 334 6568469810302.464
335 335 -86082.75000000001
336 336 4163281631976.483
337 337 -74605.05
338 338 5438160390172.341
339 339 -80343.90000000001
340 340 4379227585508.945
341 341 -74605.05
342 342 1458564139521.002
343 343 -22955.4
344 344 666185636019.6917
345 345 -22955.39999999995
346 346 1319216529675.572
347 347 -34433.09999999996
348 348 1089195956032.166
349 349 -11477.70000000002
350 350 1720503988309.298
351 351 -22.81328900755093
352 352 1417574739353.682
353 353 -7.604429681817408
354 354 954677992813.2321
355 355 -1.90015340737912e-08
356 356 340109766396.2129
357 357 -2.690629982028799e-08
358 358 2673176704760.744
359 359 -63127.35000000001
360 360 1950649997811.956
361 361 -51649.65000000001
362 362 1689263944658.26
363 363 -40171.95
364 364 1663288672080.889
365 365 -28694.25
366 366 1735506460043.55
367 367 -17224.15442966294
368 368 1801424087931.586
369 369 -5761.663288989079
370 370 3528770290709.853
371 371 -68866.20000000001
372 372 3962672287041.165
373 373 -68866.20000000001
374 374 2055277170819.132
375 375 -51649.65000000001
376 376 3237999673402.073
377 377 -63127.34999999998
378 378 1880036555238.205
379 379 -45910.80000000001
380 380 2035515777317.993
381 381 -45910.79999999999
382 382 1568412421496.729
383 383 -28694.25
384 384 1652498662119.544
385 385 -40171.94999999998
386 386 879216833740.3478
387 387 -5738.850000000282
388 388 336230081941.6504
389 389 -17216.5499999999
390 390 4309788982.96229
391 391 -5738.849999997815
392 392 216142803832.5848
393 393 -17216.54999999985
394 394 1650631084257.083
395 395 -17216.55000000002
396 396 1408348411696.208
397 397 -5738.850000000338
398 398 7313575055911.954
399 399 -88952.175
400 400 5882753589336.071
401 401 -83213.32500000001
402 402 4679478695434.029
403 403 -77474.47500000001
404 404 3707062043813.21
405 405 -71735.62500000001
406 406 5343879026342.44
407 407 -80343.90000000001
408 408 5538708905798.26
409 409 -80343.90000000001
410 410 3818763523864.934
411 411 -71735.62500000001
412 412 4989374621417.926
413 413 -77474.47500000001
414 414 1601223397309.45
415 415 -22955.40000000001
416 416 1274632218951.737
417 417 -22955.4
418 418 857818467691.5566
419 419 -22955.39999999996
420 420 527711714425.8997
421 421 -22955.39999999993
422 422 1130053121027.219
423 423 -28694.24999999998
424 424 1670812948431.833
425 425 -40171.94999999996
426 426 1050164833315.28
427 427 -17216.54999999998
428 428 1150028783313.418
429 429 -5738.850000000195
430 430 2389345011811.163
431 431 -57388.50000000001
432 432 3053687720602.596
433 433 -63127.34999999998
434 434 2870330421026.036
435 435 -63127.34999999998
436 436 2419595026888.838
437 437 -51649.64999999999
438 438 2814108899622.645
439 439 -57388.49999999998
440 440 2230778733712.45
441 441 -51649.64999999998
442 442 1608789246695.134
443 443 -34433.10000000001
444 444 1679084106166.845
445 445 -40171.94999999998
446 446 1706438293116.174
447 447 -40171.95
448 448 273488221332.1642
449 449 -5738.849999999521
450 450 265560029465.2964
451 451 -11477.69999999982
452 452 585536133194.5901
453 453 -5738.850000000069
454 454 3605183714.054697
455 455 -5738.84999999959
456 456 55782109300.4413
457 457 -11477.69999999978
458 458 2397905271.603215
459 459 -5738.849999999684
460 460 1684818135706.069
461 461 -11485.30442966298
462 462 1710881843331.747
463 463 -5754.05885932616
464 464 1579579998563.582
465 465 -5746.454429663238
466 466 6045410918302.765
467 467 -83213.325
468 468 6632411860309.157
469 469 -86082.75
470 470 5960644494892.897
471 471 -83213.32500000001
472 472 4271392731290.383
473 473 -74605.05
474 474 4882647052602.548
475 475 -77474.47500000001
476 476 4779876117440.362
477 477 -77474.47500000001
478 478 4265149324602.706
479 479 -71735.62500000001
480 480 4603490552890.772
481 481 -74605.05
482 482 4038227083469.287
483 483 -71735.62500000001
484 484 1283851134050.76
485 485 -34433.09999999997
486 486 989681507467.8162
487 487 -28694.24999999996
488 488 896693606026.6047
489 489 -28694.24999999995
490 490 1406354477377.714
491 491 -34433.09999999998
492 492 1444987891312.673
493 493 -28694.24999999999
494 494 1292457147898.105
495 495 -28694.24999999999
496 496 1349406418573.367
497 497 -11477.70000000005
498 498 1296602375153.454
499 499 -17216.55
500 500 1499266508754.44
501 501 -17216.55000000001
502 502 823266167265.7795
503 503 -11477.69999999999
504 504 552667351929.4734
505 505 -17216.54999999993
506 506 804427894231.8115
507 507 -17216.54999999996
508 508 1
509 509 7575.282
510 510 1
511 511 -45865.62686259934
512 512 1
513 513 -68866.19999999965
514 514 1
515 515 -22955.39999999952
516 516 1
517 517 -57365.91343129968
518 518 1
519 519 -34410.51343129958
520 520 1
521 521 -11477.69999999691
522 522 1
523 523 -63116.05671564981
524 524 1
525 525 -51615.77014694953
526 526 1
527 527 -40138.07014694947
528 528 1
529 529 -28682.95671564963
530 530 1
531 531 -17216.54999999868
532 532 1
533 533 1836.432
534 534 8124250849853.752
535 535 -91821.6000000007
536 536 8049255262146.88
537 537 -91821.60000000046
538 538 5956535957.215672
539 539 -9.838190803306348e-09
540 540 2203127792585.24
541 541 -45910.8000000002
542 542 4201757560379.084
543 543 -68866.20000000022
544 544 475377032557.7902
545 545 -22955.40000000041
546 546 5646034321690.239
547 547 -80343.90000000042
548 548 4809176576523.296
549 549 -80343.90000000062
550 550 8083613286636.46
551 551 -91821.60000000047
552 552 3184076747135.471
553 553 -57388.50000000017
554 554 1332201483894.609
555 555 -34433.10000000041
556 556 81263200667.40108
557 557 -11477.70000000112
558 558 6704669212199.648
559 559 -86082.75000000049
560 560 4850171481642.241
561 561 -74605.05000000028
562 562 6395656914172.634
563 563 -86082.75000000077
564 564 3087699318414.136
565 565 -74605.05000000044
566 566 8105732366238.328
567 567 -91821.60000000047
568 568 8063689609067.64
569 569 -91821.60000000047
570 570 2701534618884.044
571 571 -51649.65000000018
572 572 3676827831154.965
573 573 -63127.35000000017
574 574 892204644062.8778
575 575 -28694.25000000048
576 576 1780144256793.582
577 577 -40171.95000000034
578 578 13298960176.26543
579 579 -5738.850000001858
580 580 230219715409.0308
581 581 -17216.55000000079
582 582 6138153436447.615
583 583 -83213.32500000054
584 584 7360075788244.122
585 585 -88952.17500000051
586 586 4514245891737.619
587 587 -71735.62500000029
588 588 5223550136895.704
589 589 -77474.47500000024
590 590 7208081859856.112
591 591 -88952.17500000073
592 592 5601587467263.91
593 593 -83213.3250000008
594 594 3988307274865.917
595 595 -77474.4750000004
596 596 1973911450421.243
597 597 -71735.62500000044
