1
2
598
10 0
10 0
11 0
11 0
10.5 0
10.5 0
11.5 0
11.5 0
4.80129 0.00129195
4.80129 0.00129195
5.475 5.85
5.475 5.85
5.25 3.9
5.25 3.9
5.025 1.95
5.025 1.95
5.5875 6.825
5.5875 6.825
5.025 2.925
5.025 2.925
5.02629 0.976292
5.02629 0.976292
5.5875 6.3375
5.5875 6.3375
5.7 7.3125
5.7 7.3125
5.475 4.875
5.475 4.875
4.20065 0.000645976
4.20065 0.000645976
5.40194 0.00193793
5.40194 0.00193793
5.2125 5.85
5.2125 5.85
5.7375 5.85
5.7375 5.85
4.875 3.9
4.875 3.9
5.625 3.9
5.625 3.9
4.5375 1.95
4.5375 1.95
5.5125 1.95
5.5125 1.95
5.38125 6.825
5.38125 6.825
5.79375 6.825
5.79375 6.825
5.5125 3.4125
5.5125 3.4125
4.5375 2.4375
4.5375 2.4375
4.53815 1.46315
4.53815 1.46315
5.51444 0.489438
5.51444 0.489438
5.38125 6.58125
5.38125 6.58125
5.79375 6.09375
5.79375 6.09375
5.85 7.06875
5.85 7.06875
5.55 7.55625
5.55 7.55625
5.2125 5.3625
5.2125 5.3625
5.7375 4.3875
5.7375 4.3875
5.025 2.4375
5.025 2.4375
5.5125 2.4375
5.5125 2.4375
5.5125 2.925
5.5125 2.925
5.1375 3.4125
5.1375 3.4125
4.7625 3.4125
4.7625 3.4125
4.65 2.925
4.65 2.925
5.51379 0.976292
5.51379 0.976292
5.51315 1.46315
5.51315 1.46315
5.02565 1.46315
5.02565 1.46315
4.42565 0.975646
4.42565 0.975646
4.31315 0.488146
4.31315 0.488146
4.91379 0.488792
4.91379 0.488792
5.79375 6.3375
5.79375 6.3375
5.79375 6.58125
5.79375 6.58125
5.5875 6.58125
5.5875 6.58125
5.325 6.3375
5.325 6.3375
5.26875 6.09375
5.26875 6.09375
5.53125 6.09375
5.53125 6.09375
5.49375 7.3125
5.49375 7.3125
5.4375 7.06875
5.4375 7.06875
5.64375 7.06875
5.64375 7.06875
5.85 7.3125
5.85 7.3125
5.85 7.55625
5.85 7.55625
5.7 7.55625
5.7 7.55625
5.7375 4.875
5.7375 4.875
5.7375 5.3625
5.7375 5.3625
5.475 5.3625
5.475 5.3625
5.1 4.875
5.1 4.875
4.9875 4.3875
4.9875 4.3875
5.3625 4.3875
5.3625 4.3875
3.6 0
3.6 0
4.5 3.9
4.5 3.9
4.95 5.85
4.95 5.85
4.05 1.95
4.05 1.95
1.8 0
1.8 0
5.175 6.825
5.175 6.825
4.725 4.875
4.725 4.875
4.275 2.925
4.275 2.925
3.825 0.975
3.825 0.975
0.9 0
0.9 0
2.7 0
2.7 0
4.5 5.85
4.5 5.85
3.6 3.89808
3.6 3.89808
2.7 1.95
2.7 1.95
2.925 0.975
2.925 0.975
4.275 4.875
4.275 4.875
3.375 2.92308
3.375 2.92308
1.575 0.975
1.575 0.975
5.2875 7.3125
5.2875 7.3125
5.0625 6.3375
5.0625 6.3375
4.95 6.825
4.95 6.825
4.8375 6.3375
4.8375 6.3375
4.8375 5.3625
4.8375 5.3625
4.6125 4.3875
4.6125 4.3875
4.3875 3.4125
4.3875 3.4125
4.1625 2.4375
4.1625 2.4375
3.9375 1.4625
3.9375 1.4625
3.7125 0.4875
3.7125 0.4875
0.45 0
0.45 0
1.35 0
1.35 0
2.25 0
2.25 0
3.15 0
3.15 0
4.275 5.85
4.275 5.85
4.725 5.85
4.725 5.85
3.15 3.89712
3.15 3.89712
4.05 3.89904
4.05 3.89904
2.025 1.95
2.025 1.95
3.375 1.95
3.375 1.95
2.3625 0.4875
2.3625 0.4875
3.4875 1.4625
3.4875 1.4625
4.1625 5.3625
4.1625 5.3625
4.3875 4.3875
4.3875 4.3875
3.0375 3.40962
3.0375 3.40962
3.7125 2.43654
3.7125 2.43654
1.4625 1.4625
1.4625 1.4625
1.6875 0.4875
1.6875 0.4875
5.34375 7.55625
5.34375 7.55625
5.23125 7.06875
5.23125 7.06875
5.11875 6.58125
5.11875 6.58125
5.00625 6.09375
5.00625 6.09375
4.8375 6.825
4.8375 6.825
5.0625 6.825
5.0625 6.825
4.89375 6.09375
4.89375 6.09375
4.78125 6.58125
4.78125 6.58125
3.2625 0.4875
3.2625 0.4875
3.375 0.975
3.375 0.975
2.8125 0.4875
2.8125 0.4875
3.825 4.87404
3.825 4.87404
3.4875 4.38558
3.4875 4.38558
3.9375 4.38654
3.9375 4.38654
4.6125 5.3625
4.6125 5.3625
4.3875 5.3625
4.3875 5.3625
4.5 4.875
4.5 4.875
2.7 2.92308
2.7 2.92308
2.3625 2.43654
2.3625 2.43654
3.0375 2.43654
3.0375 2.43654
3.9375 3.41154
3.9375 3.41154
3.4875 3.41058
3.4875 3.41058
3.825 2.92404
3.825 2.92404
1.125 0.975
1.125 0.975
0.7875 0.4875
0.7875 0.4875
1.2375 0.4875
1.2375 0.4875
2.8125 1.4625
2.8125 1.4625
2.1375 1.4625
2.1375 1.4625
2.25 0.975
2.25 0.975
5.11875 7.06875
5.11875 7.06875
5.175 7.3125
5.175 7.3125
5.00625 7.06875
5.00625 7.06875
4.95 6.3375
4.95 6.3375
5.00625 6.58125
5.00625 6.58125
4.89375 6.58125
4.89375 6.58125
4.6125 6.3375
4.6125 6.3375
4.44375 6.09375
4.44375 6.09375
4.66875 6.09375
4.66875 6.09375
6.00258 0.0025839
6.00258 0.0025839
8 0
8 0
6 3.9
6 3.9
6 5.85
6 5.85
6 1.95
6 1.95
6 6.825
6 6.825
8.36796 1.95
8.36796 1.95
7.00129 0.00129195
7.00129 0.00129195
9 0
9 0
6 4.875
6 4.875
6 2.925
6 2.925
6.00129 0.976292
6.00129 0.976292
6.75 5.85
6.75 5.85
6.75 4.875
6.75 4.875
7.5 3.9
7.5 3.9
7.5 2.925
7.5 2.925
9.25 0.975
9.25 0.975
10.25 0.975
10.25 0.975
7 0.975
7 0.975
6 7.3125
6 7.3125
6 6.3375
6 6.3375
6.375 6.825
6.375 6.825
6.375 6.3375
6.375 6.3375
7.18398 1.95
7.18398 1.95
9.43398 1.95
9.43398 1.95
8.68398 2.925
8.68398 2.925
8.18398 0.975
8.18398 0.975
6.50194 0.00193793
6.50194 0.00193793
7.50065 0.000645976
7.50065 0.000645976
8.5 0
8.5 0
9.5 0
9.5 0
6 5.3625
6 5.3625
6 4.3875
6 4.3875
6 3.4125
6 3.4125
6 2.4375
6 2.4375
6.00065 1.46315
6.00065 1.46315
6.00194 0.489438
6.00194 0.489438
6.375 5.85
6.375 5.85
7.125 5.85
7.125 5.85
6.375 4.3875
6.375 4.3875
7.125 5.3625
7.125 5.3625
6.75 3.9
6.75 3.9
8.25 3.9
8.25 3.9
6.75 2.4375
6.75 2.4375
8.25 3.4125
8.25 3.4125
8.625 0.4875
8.625 0.4875
9.875 1.4625
9.875 1.4625
10.125 0.4875
10.125 0.4875
10.375 1.4625
10.375 1.4625
6.5 1.4625
6.5 1.4625
7.5 0.4875
7.5 0.4875
6 7.55625
6 7.55625
6 7.06875
6 7.06875
6 6.58125
6 6.58125
6 6.09375
6 6.09375
6.1875 6.825
6.1875 6.825
6.5625 6.825
6.5625 6.825
6.1875 6.09375
6.1875 6.09375
6.5625 6.58125
6.5625 6.58125
6.59199 1.95
6.59199 1.95
7.77597 1.95
7.77597 1.95
8.90097 1.95
8.90097 1.95
9.96699 1.95
9.96699 1.95
8.52597 2.4375
8.52597 2.4375
8.84199 3.4125
8.84199 3.4125
8.27597 1.4625
8.27597 1.4625
8.09199 0.4875
8.09199 0.4875
6.375 4.875
6.375 4.875
6.75 5.3625
6.75 5.3625
6.375 5.3625
6.375 5.3625
7.875 4.3875
7.875 4.3875
7.5 4.875
7.5 4.875
7.125 4.3875
7.125 4.3875
6.75 2.925
6.75 2.925
7.5 3.4125
7.5 3.4125
6.75 3.4125
6.75 3.4125
9.625 0.4875
9.625 0.4875
9.75 0.975
9.75 0.975
9.125 0.4875
9.125 0.4875
11.125 0.4875
11.125 0.4875
10.75 0.975
10.75 0.975
10.625 0.4875
10.625 0.4875
6.50065 0.975646
6.50065 0.975646
6.50129 0.488792
6.50129 0.488792
7.00065 0.488146
7.00065 0.488146
6.375 7.06875
6.375 7.06875
6.1875 7.3125
6.1875 7.3125
6.1875 7.06875
6.1875 7.06875
6.1875 6.3375
6.1875 6.3375
6.375 6.58125
6.375 6.58125
6.1875 6.58125
6.1875 6.58125
6.9375 6.09375
6.9375 6.09375
6.75 6.3375
6.75 6.3375
6.5625 6.09375
6.5625 6.09375
9.21699 2.925
9.21699 2.925
9.05898 2.4375
9.05898 2.4375
9.59199 2.4375
9.59199 2.4375
8.09199 2.925
8.09199 2.925
7.34199 2.4375
7.34199 2.4375
7.93398 2.4375
7.93398 2.4375
7.59199 0.975
7.59199 0.975
7.68398 1.4625
7.68398 1.4625
7.09199 1.4625
7.09199 1.4625
8.71699 0.975
8.71699 0.975
9.34199 1.4625
9.34199 1.4625
8.80898 1.4625
8.80898 1.4625
0 0
0 0
2.7 3.89616
2.7 3.89616
4.05 5.85
4.05 5.85
1.35 1.95
1.35 1.95
3.375 4.87308
3.375 4.87308
2.025 2.92308
2.025 2.92308
0.675 0.975
0.675 0.975
3.7125 5.36154
3.7125 5.36154
3.0375 4.38462
3.0375 4.38462
2.3625 3.40962
2.3625 3.40962
1.6875 2.43654
1.6875 2.43654
1.0125 1.4625
1.0125 1.4625
0.3375 0.4875
0.3375 0.4875
6 7.8
6 7.8
5.4 7.8
5.4 7.8
12 0
12 0
9 3.9
9 3.9
7.5 5.85
7.5 5.85
10.5 1.95
10.5 1.95
6.75 6.825
6.75 6.825
4.725 6.825
4.725 6.825
5.7 7.8
5.7 7.8
8.25 4.875
8.25 4.875
9.75 2.925
9.75 2.925
11.25 0.975
11.25 0.975
6.375 7.3125
6.375 7.3125
7.125 6.3375
7.125 6.3375
5.0625 7.3125
5.0625 7.3125
4.3875 6.3375
4.3875 6.3375
5.85 7.8
5.85 7.8
5.55 7.8
5.55 7.8
8.625 4.3875
8.625 4.3875
7.875 5.3625
7.875 5.3625
10.125 2.4375
10.125 2.4375
9.375 3.4125
9.375 3.4125
11.625 0.4875
11.625 0.4875
10.875 1.4625
10.875 1.4625
6.5625 7.06875
6.5625 7.06875
6.1875 7.55625
6.1875 7.55625
7.3125 6.09375
7.3125 6.09375
6.9375 6.58125
6.9375 6.58125
5.23125 7.55625
5.23125 7.55625
4.89375 7.06875
4.89375 7.06875
4.55625 6.58125
4.55625 6.58125
4.21875 6.09375
4.21875 6.09375
1
0 0 0
1 1 0
2 2 0
3 3 0
4 4 0
5 5 0
6 6 0
7 7 0
8 8 9936735727053.557
9 9 -15.20885951472999
10 10 6272536541673.227
11 11 -68866.19999999994
12 12 6760031235904.394
13 13 -45910.80000000009
14 14 9080735323903.254
15 15 -22955.40000000053
16 16 8275668017159.578
17 17 -80343.89999999992
18 18 8053973609576.108
19 19 -34433.10000000024
20 20 9520031625327.227
21 21 -11492.90885932727
22 22 7170781046854.303
23 23 -74605.04999999992
24 24 9719001557979.512
25 25 -86082.74999999991
26 26 6039267580766.037
27 27 -57388.5
28 28 10819767184931.31
29 29 -7.604429854414802
30 30 8991203777002.906
31 31 -22.81328917749105
32 32 5807373111904.038
33 33 -68866.19999999994
34 34 6640431317496.59
35 35 -68866.19999999992
36 36 6551003267586.065
37 37 -45910.80000000013
38 38 6814297159790.18
39 39 -45910.80000000005
40 40 9607849616372.486
41 41 -22955.40000000074
42 42 8441412150256.112
43 43 -22955.40000000038
44 44 8101258205383.029
45 45 -80343.89999999992
46 46 8447253309634.729
47 47 -80343.89999999991
48 48 7285365128173.705
49 49 -40171.95000000009
50 50 8966698576856.736
51 51 -28694.25000000052
52 52 10025431368497.4
53 53 -17224.15442966406
54 54 8794031663740.47
55 55 -5761.663288992841
56 56 7459472560261.365
57 57 -77474.47499999992
58 58 7013952820804.576
59 59 -71735.62499999994
60 60 9110410574848.641
61 61 -83213.32499999991
62 62 10440174255376.87
63 63 -88952.17499999992
64 64 5532644173345.822
65 65 -63127.34999999998
66 66 6475918528045.283
67 67 -51649.65000000001
68 68 8637407436286.226
69 69 -28694.25000000037
70 70 8140034183585.138
71 71 -28694.25000000025
72 72 7744384680878.244
73 73 -34433.10000000016
74 74 7373777527733.994
75 75 -40171.95000000015
76 76 7318049555590.738
77 77 -40171.9500000002
78 78 8147546080009.164
79 79 -34433.10000000035
80 80 8750410670136.737
81 81 -11492.90885932701
82 82 8643100560877.039
83 83 -17224.15442966353
84 84 9370793850578.664
85 85 -17224.15442966375
86 86 10401675558464.2
87 87 -11485.3044296649
88 88 10645525188066.98
89 89 -5746.454429668016
90 90 9751264459755.832
91 91 -5754.058859330331
92 92 7408562233833.924
93 93 -74605.0499999999
94 94 7888830236420.175
95 95 -77474.4749999999
96 96 7681824791084.347
97 97 -77474.47499999992
98 98 6825103741570.006
99 99 -74605.04999999992
100 100 6264913269721.926
101 101 -71735.62499999993
102 102 6676192116786.146
103 103 -71735.62499999991
104 104 9625976163316.93
105 105 -86082.74999999991
106 106 8846374792980.137
107 107 -83213.32499999992
108 108 8975764286523.75
109 109 -83213.32499999991
110 110 9792773635878.609
111 111 -86082.74999999991
112 112 10539739864231.28
113 113 -88952.17499999992
114 114 10487451864235.18
115 115 -88952.17499999992
116 116 6275481753234.435
117 117 -57388.49999999999
118 118 6297498819920.262
119 119 -63127.34999999996
120 120 5965845787829.754
121 121 -63127.34999999996
122 122 5541741374858.943
123 123 -57388.50000000001
124 124 5925329988075.241
125 125 -51649.65000000006
126 126 6284161551094.396
127 127 -51649.65000000004
128 128 11642374681690.14
129 129 -3.144930711198717e-07
130 130 6144596588159.733
131 131 -45910.80000000017
132 132 5205675183566.264
133 133 -68866.19999999994
134 134 9976003216337.469
135 135 -22955.40000000114
136 136 13909570991783.6
137 137 -6.598353951949156e-07
138 138 7927751332011.956
139 139 -80343.89999999992
140 140 4813648308507.943
141 141 -57388.50000000004
142 142 8067978214970.496
143 143 -34433.10000000043
144 144 11189200128746.55
145 145 -11477.70000000326
146 146 1.849025779249322e+19
147 147 -0.0001318474492362642
148 148 12793481299145.25
149 149 -1.80683121439286e-07
150 150 3614950499668.269
151 151 -68866.19999999992
152 152 4145237595694.41
153 153 -45888.21343129998
154 154 8361242114852.623
155 155 -22955.40000000244
156 156 11948669741709.9
157 157 -11477.70000001134
158 158 3577518326293.367
159 159 -57388.50000000009
160 160 6812853389461.676
161 161 -34410.51343130037
162 162 -1221299673597.047
163 163 -11477.69999999246
164 164 9549774706534.535
165 165 -86082.74999999993
166 166 6425153129087.748
167 167 -74605.04999999992
168 168 7760229183043.257
169 169 -80343.89999999992
170 170 6043021697593.395
171 171 -74605.04999999987
172 172 4676676632771.738
173 173 -63127.34999999999
174 174 5361665894658.179
175 175 -51649.65000000009
176 176 7075866003602.707
177 177 -40171.95000000024
178 178 9053708611977.422
179 179 -28694.25000000066
180 180 10678455623945.58
181 181 -17216.55000000184
182 182 11480488429289.57
183 183 -5738.850000007246
184 184 -1.582341455262042e+19
185 185 0.0001060172031781693
186 186 2.265030842747895e+18
187 187 -0.0001315003071790431
188 188 13346249150685.22
189 189 -1.553756457861516e-07
190 190 12229173221308.57
191 191 -1.942157978341609e-07
192 192 2270169787439.82
193 193 -68866.19999999991
194 194 4529277924646.127
195 195 -68866.19999999994
196 196 2400308668517.426
197 197 -45876.92014694988
198 198 5358680304960.763
199 199 -45899.50671565006
200 200 4593142635355.658
201 201 -22955.40000000199
202 202 9824586058227.818
203 203 -22955.40000000178
204 204 13153564418624.38
205 205 -5738.850000048831
206 206 10937002154588.97
207 207 -17216.55000000297
208 208 2135689323838.283
209 209 -63127.35000000009
210 210 4909451074973.039
211 211 -51649.65000000012
212 212 3819441236423.394
213 213 -40138.07014695004
214 214 8864860666640.168
215 215 -28682.95671565075
216 216 -448318737619.7358
217 217 -17216.5499999961
218 218 14689304118284.04
219 219 -5738.850000009704
220 220 10393183006789.79
221 221 -88952.17499999992
222 222 8728670362236.438
223 223 -83213.32499999992
224 224 7158072250169.646
225 225 -77474.47499999992
226 226 5757496961194.15
227 227 -71735.62499999993
228 228 7688154470381.83
229 229 -80343.89999999991
230 230 7841195583899.899
231 231 -80343.89999999992
232 232 5504221449341.275
233 233 -71735.62499999994
234 234 6771884737425.04
235 235 -77474.47499999987
236 236 12067105745779.19
237 237 -5738.850000010601
238 238 11662312884928.51
239 239 -11477.70000000519
240 240 12623894901100.38
241 241 -5738.850000018716
242 242 1964292311471.426
243 243 -57377.20671564996
244 244 2117659776444.182
245 245 -51627.06343129988
246 246 3726019972030.158
247 247 -51638.35671564998
248 248 3987097641148.807
249 249 -63127.35000000001
250 250 3141135717256.625
251 251 -63127.35000000003
252 252 4245802601129.569
253 253 -57388.50000000007
254 254 4326598832186.576
255 255 -34410.51343130057
256 256 4719180824739.938
257 257 -28682.95671565132
258 258 7631258925346.103
259 259 -28682.95671565106
260 260 6482530262051.309
261 261 -40160.6567156502
262 262 5439557494350.91
263 263 -40149.36343130012
264 264 7672989001580.96
265 265 -34421.8067156504
266 266 -790052520890.9794
267 267 -11477.69999999218
268 268 -6156877812392.514
269 269 -5738.850000011758
270 270 -1250247874613.973
271 271 -5738.849999978232
272 272 10485490044696.59
273 273 -17216.55000000535
274 274 7166864166322.568
275 275 -17216.5500000053
276 276 11035221640367.7
277 277 -11477.70000003909
278 278 8672864824506.755
279 279 -83213.32499999992
280 280 9518364192325.342
281 281 -86082.74999999993
282 282 8625381591871.024
283 283 -83213.32499999992
284 284 6238541421414.918
285 285 -74605.04999999993
286 286 7027412269340.793
287 287 -77474.47499999992
288 288 6897606740879.048
289 289 -77474.4749999999
290 290 5639026050552.008
291 291 -74605.04999999986
292 292 4232884065139.571
293 293 -71735.62499999983
294 294 4923272437798.254
295 295 -71735.6249999999
296 296 7981160424245.783
297 297 -30.41771886773667
298 298 4233269463597.229
299 299 -1.272252689934435e-07
300 300 6751745127465.168
301 301 -45910.80000000001
302 302 6938171740551.83
303 303 -68866.19999999994
304 304 7719186877414.425
305 305 -22955.40000000025
306 306 8615273996705.983
307 307 -80343.89999999991
308 308 3691343822249.509
309 309 -22955.39999999964
310 310 6176204583212.211
311 311 -15.20885954498529
312 312 2141398214225.208
313 313 -2.464575049988939e-07
314 314 6438955618368.425
315 315 -57388.49999999997
316 316 7283295300767.228
317 317 -34433.10000000009
318 318 7936429066181.626
319 319 -11492.90885932683
320 320 7533922939674.562
321 321 -68866.19999999994
322 322 6636203679538.76
323 323 -57388.4999999999
324 324 5812786677664.812
325 325 -45910.79999999989
326 326 5369277476533.742
327 327 -34433.09999999987
328 328 1716364088152.881
329 329 -11477.69999999835
330 330 202503721181.7196
331 331 -11477.69999999382
332 332 6147194690412.316
333 333 -11477.70000000068
334 334 9869122636937.441
335 335 -86082.74999999994
336 336 7621139731152.1
337 337 -74605.04999999993
338 338 8900819909457.137
339 339 -80343.89999999994
340 340 7959445059248.846
341 341 -74605.04999999993
342 342 5758774977657.207
343 343 -22955.39999999999
344 344 1943639702601.042
345 345 -22955.39999999918
346 346 3819632046535.523
347 347 -34433.09999999963
348 348 3846608458318.636
349 349 -11477.69999999996
350 350 7096483083921.443
351 351 -22.81328920665477
352 352 5221377061265.479
353 353 -7.604429882511242
354 354 3204440087518.58
355 355 -2.138799136649854e-07
356 356 1056677680257.849
357 357 -3.60457812035405e-07
358 358 6550076688396.562
359 359 -63127.34999999995
360 360 6529679218908.507
361 361 -51649.64999999999
362 362 7010666912960.889
363 363 -40171.95000000003
364 364 7527931197691.026
365 365 -28694.25000000014
366 366 7858514934065.084
367 367 -17224.1544296634
368 368 7971924984734.504
369 369 -5761.66328899285
370 370 7266141832458.592
371 371 -68866.19999999994
372 372 7777356183906.217
373 373 -68866.19999999992
374 374 6518899218722.737
375 375 -51649.64999999997
376 376 7136803659598.115
377 377 -63127.3499999999
378 378 6354207454042.743
379 379 -45910.79999999997
380 380 5293633045077.577
381 381 -45910.79999999982
382 382 6442667148820.145
383 383 -28694.25000000004
384 384 4761055740296.828
385 385 -40171.94999999979
386 386 2938919367755.627
387 387 -5738.850000002317
388 388 958420650386.9392
389 389 -17216.54999999827
390 390 12265258216.02741
391 391 -5738.849999957106
392 392 483790363321.6661
393 393 -17216.54999999763
394 394 7007596431076.383
395 395 -17216.55000000033
396 396 5214463101874.648
397 397 -5738.850000003439
398 398 10593290291773.57
399 399 -88952.17499999993
400 400 9209423623216.816
401 401 -83213.32499999991
402 402 8081180570548.445
403 403 -77474.4749999999
404 404 7238740788832.887
405 405 -71735.62499999994
406 406 8758581324404.803
407 407 -80343.89999999994
408 408 9043221992451.973
409 409 -80343.89999999994
410 410 7418244338743.782
411 411 -71735.62499999994
412 412 8552279373496.475
413 413 -77474.47499999993
414 414 6770416576884.614
415 415 -22955.40000000013
416 416 4715918182006.861
417 417 -22955.39999999985
418 418 2763274763839.942
419 419 -22955.39999999945
420 420 1304886197812.814
421 421 -22955.39999999886
422 422 3649703644166.037
423 423 -28694.24999999965
424 424 4243269110156.605
425 425 -40171.94999999966
426 426 3713883936389.955
427 427 -17216.54999999967
428 428 4034278769220.947
429 429 -5738.850000001844
430 430 6577037339214.611
431 431 -57388.49999999996
432 432 6992488930737.088
433 433 -63127.3499999999
434 434 6810084384211.361
435 435 -63127.34999999993
436 436 6055888295413.355
437 437 -51649.64999999986
438 438 6669311303839.139
439 439 -57388.49999999987
440 440 6316201573739.204
441 441 -51649.64999999991
442 442 6382748279067.636
443 443 -34433.10000000001
444 444 5546784621992.781
445 445 -40171.94999999986
446 446 6344585417579.801
447 447 -40171.94999999997
448 448 850531351106.8682
449 449 -5738.849999988541
450 450 823256815475.2136
451 451 -11477.69999999645
452 452 1883390006271.861
453 453 -5738.849999998642
454 454 4462320360.790247
455 455 -5738.849999994963
456 456 102070496609.3275
457 457 -11477.69999999688
458 458 4939393698.752367
459 459 -5738.849999995037
460 460 7060726710620.531
461 461 -11485.30442966375
462 462 7088699406716.797
463 463 -5754.058859329575
464 464 6169039388425.244
465 465 -5746.454429666424
466 466 9457562117659.184
467 467 -83213.32499999992
468 468 9967024450381.461
469 469 -86082.74999999996
470 470 9332774419671.043
471 471 -83213.32499999994
472 472 7796740047830.894
473 473 -74605.04999999993
474 474 8400517439949.859
475 475 -77474.47499999993
476 476 8244614185997.295
477 477 -77474.47499999993
478 478 8015773336363.193
479 479 -71735.62499999991
480 480 8266732731952.247
481 481 -74605.04999999993
482 482 7732523273214.726
483 483 -71735.62499999994
484 484 3276788187479.375
485 485 -34433.09999999957
486 486 2888544361062.958
487 487 -28694.2499999995
488 488 2273266612323.697
489 489 -28694.24999999929
490 490 4564354599864.493
491 491 -34433.09999999981
492 492 5513550933737.447
493 493 -28694.24999999993
494 494 4566837463961.602
495 495 -28694.24999999981
496 496 5018568945110.704
497 497 -11477.70000000043
498 498 4841641445690.343
499 499 -17216.54999999997
500 500 5946293984291.845
501 501 -17216.55000000018
502 502 2775057779270.478
503 503 -11477.69999999948
504 504 1749592265791.13
505 505 -17216.54999999885
506 506 2701928649052.743
507 507 -17216.54999999935
508 508 1
509 509 14461.902
510 510 1
511 511 -45865.62686259548
512 512 1
513 513 -68866.19999999365
514 514 1
515 515 -22955.39999999572
516 516 1
517 517 -57365.91343129759
518 518 1
519 519 -34410.51343129216
520 520 1
521 521 2984.202000000002
522 522 1
523 523 -63116.05671564795
524 524 1
525 525 -51615.77014694652
526 526 1
527 527 -40138.07014694474
528 528 1
529 529 -28682.9567156387
530 530 1
531 531 -17216.55000003081
532 532 1
533 533 8723.052000000001
534 534 11389860318071.37
535 535 -91821.60000000773
536 536 11256340263777.12
537 537 -91821.6000000052
538 538 5956549664.011235
539 539 -1.083440411298941e-07
540 540 4939015290308.491
541 541 -45910.800000002
542 542 8026675396010.218
543 543 -68866.20000000214
544 544 910699703698.8881
545 545 -22955.40000000425
546 546 9187902408208.137
547 547 -80343.9000000044
548 548 7629145428260.511
549 549 -80343.9000000066
550 550 11320049891674.18
551 551 -91821.60000000513
552 552 6785647515013.25
553 553 -57388.50000000194
554 554 2930570007051.966
555 555 -34433.10000000432
556 556 97684533352.02194
557 557 -11477.70000001204
558 558 10068988754094.69
559 559 -86082.75000000547
560 560 8574957680848.253
561 561 -74605.05000000312
562 562 9496135615895.004
563 563 -86082.75000000824
564 564 5263121874856.589
565 565 -74605.05000000467
566 566 11359066847630.09
567 567 -91821.60000000513
568 568 11283128141514.35
569 569 -91821.60000000513
570 570 5944737196752.316
571 571 -51649.65000000211
572 572 7473652986323.855
573 573 -63127.3500000018
574 574 1879715873747.287
575 575 -28694.25000000496
576 576 3983607368902.813
577 577 -40171.9500000038
578 578 13454180274.4072
579 579 -5738.85000002031
580 580 360972491414.356
581 581 -17216.55000000834
582 582 9585738157507.836
583 583 -83213.32500000569
584 584 10660790021362.13
585 585 -88952.17500000536
586 586 8304391323679.509
587 587 -71735.62500000322
588 588 8862051477373.561
589 589 -77474.47500000297
590 590 10380431635912.57
591 591 -88952.17500000798
592 592 8588352220975.056
593 593 -83213.32500000854
594 594 6552126207539.979
595 595 -77474.47500000449
596 596 3497103993584.045
597 597 -71735.62500000476
